7.992702163531730069e-07 1.303452542936429381e+02
2.275314525843442070e-06 3.910357628809288144e+02
6.318318611557899089e-06 6.517262714682146907e+02
1.711488077356931864e-05 9.124167800555005670e+02
4.522291025109833408e-05 1.173107288642786443e+03
1.165615757011705030e-04 1.433797797230072320e+03
2.930654254358379396e-04 1.694488305817358196e+03
7.187635320774541205e-04 1.955178814404644072e+03
1.719569590485542192e-03 2.215869322991929948e+03
4.012968508176610605e-03 2.476559831579215825e+03
9.135325371703827135e-03 2.737250340166501701e+03
2.028591315714290896e-02 2.997940848753787577e+03
4.394175284100391293e-02 3.258631357341073453e+03
9.284798118826698143e-02 3.519321865928359330e+03
1.913726306007905720e-01 3.780012374515645206e+03
3.847684567260646893e-01 4.040702883102931082e+03
7.546253136144123186e-01 4.301393391690216959e+03
1.443695326261903222e+00 4.562083900277502835e+03
2.694213481204059235e+00 4.822774408864788711e+03
4.904567687119998354e+00 5.083464917452074587e+03
8.709269576326320816e+00 5.344155426039360464e+03
1.508603140545310772e+01 5.604845934626646340e+03
2.549062915575608201e+01 5.865536443213932216e+03
4.201442026655120543e+01 6.126226951801218092e+03
6.755048462425551747e+01 6.386917460388503969e+03
1.059426510088551936e+02 6.647607968975789845e+03
1.620785252304675055e+02 6.908298477563075721e+03
2.418757838589732785e+02 7.168988986150361598e+03
3.521045007935972535e+02 7.429679494737647474e+03
4.999919779524441310e+02 7.690370003324933350e+03
6.925749344189674730e+02 7.951060511912219226e+03
9.357994291901733277e+02 8.211751020499505103e+03
1.233420196798336065e+03 8.472441529086790979e+03
1.585811665968084526e+03 8.733132037674076855e+03
1.988861012815026697e+03 8.993822546261362731e+03
2.433153643983621350e+03 9.254513054848648608e+03
2.903667651346586808e+03 9.515203563435934484e+03
3.380154504697277389e+03 9.775894072023220360e+03
3.838296067366954503e+03 1.003658458061050624e+04
4.251602593069756040e+03 1.029727508919779211e+04
4.593874522955472457e+03 1.055796559778507799e+04
4.841922874104750917e+03 1.081865610637236387e+04
4.978160325511566953e+03 1.107934661495964974e+04
4.992661986550678193e+03 1.134003712354693562e+04
4.884360639008930775e+03 1.160072763213422149e+04
4.661176566063144492e+03 1.186141814072150737e+04
4.339060036624241548e+03 1.212210864930879325e+04
3.940107193289474253e+03 1.238279915789607912e+04
3.490058354758753921e+03 1.264348966648336500e+04
3.015571381214125722e+03 1.290418017507065088e+04
2.541667939581289829e+03 1.316487068365793675e+04
2.089682384678756989e+03 1.342556119224522263e+04
1.675922864205648466e+03 1.368625170083250850e+04
1.311112758070908058e+03 1.394694220941979438e+04
1.000548935084580876e+03 1.420763271800708026e+04
7.448158292757902927e+02 1.446832322659436613e+04
5.408436500272634930e+02 1.472901373518165201e+04
3.830953190104343093e+02 1.498970424376893789e+04
2.647001753567764126e+02 1.525039475235622376e+04
1.784078197111341240e+02 1.551108526094350964e+04
1.172967059196055999e+02 1.577177576953079551e+04
7.522635499987252672e+01 1.603246627811808139e+04
4.706157912835127632e+01 1.629315678670536727e+04
2.871939225503759019e+01 1.655384729529265314e+04
1.709606924918375981e+01 1.681453780387993902e+04
9.927263841880748174e+00 1.707522831246722490e+04
5.623091285376922599e+00 1.733591882105451077e+04
3.106940787981925300e+00 1.759660932964179665e+04
1.674569174455150966e+00 1.785729983822908252e+04
8.804110435378488253e-01 1.811799034681636840e+04
4.515232768214570980e-01 1.837868085540365428e+04
2.258848372493547085e-01 1.863937136399094015e+04
1.102316449343046373e-01 1.890006187257822603e+04
5.247322663524525005e-02 1.916075238116551191e+04
2.436584771157469798e-02 1.942144288975279778e+04
1.103665721203054423e-02 1.968213339834008366e+04
4.876473356408907688e-03 1.994282390692736953e+04
2.101776010099704571e-03 2.020351441551465541e+04
8.836479592697273370e-04 2.046420492410194129e+04
3.623968384345080374e-04 2.072489543268922716e+04
1.449778967043426872e-04 2.098558594127651304e+04
5.657589887219688265e-05 2.124627644986379892e+04
2.153641462583909982e-05 2.150696695845108479e+04
7.997009613850786870e-06 2.176765746703837067e+04
2.896637212471863236e-06 2.202834797562565655e+04
1.023464696002502422e-06 2.228903848421294242e+04
3.527474642279984436e-07 2.254972899280022830e+04
1.185952261775126518e-07 2.281041950138751417e+04
3.889401596757908854e-08 2.307111000997480005e+04
1.244258573345700527e-08 2.333180051856208593e+04
3.882851388692956069e-09 2.359249102714937180e+04
1.181961060265899573e-09 2.385318153573665768e+04
3.509682597853324991e-10 2.411387204432394356e+04
1.016587555343384870e-10 2.437456255291122943e+04
2.872327847593041854e-11 2.463525306149851531e+04
7.916541665836358948e-12 2.489594357008580118e+04
2.128380484583481262e-12 2.515663407867308706e+04
5.581813319874687873e-13 2.541732458726037294e+04
1.427952037485432406e-13 2.567801509584765881e+04
3.563396970654767522e-14 2.593870560443494469e+04
8.674152749261753443e-15 2.619939611302223057e+04
2.059691601453459509e-15 2.646008662160951644e+04
4.770782349381427303e-16 2.672077713019680232e+04
1.077926832265055872e-16 2.698146763878408819e+04
2.375752718374316534e-17 2.724215814737137407e+04
5.107700930472622146e-18 2.750284865595865995e+04
1.071178775308975409e-18 2.776353916454594582e+04
2.191344866080953517e-19 2.802422967313323170e+04
4.372922451487920518e-20 2.828492018172051758e+04
8.512264188374784210e-21 2.854561069030780345e+04
1.616332425731507989e-21 2.880630119889508933e+04
2.993839749642354083e-22 2.906699170748237520e+04
5.409270358251929128e-23 2.932768221606966108e+04
9.533691608625447252e-24 2.958837272465694696e+04
1.639063517838848061e-24 2.984906323324423283e+04
2.748797464571794396e-25 3.010975374183151871e+04
4.496783435063128667e-26 3.037044425041880459e+04
7.175852060594637302e-27 3.063113475900609046e+04
1.117010495892226300e-27 3.089182526759337634e+04
1.696107226510091049e-28 3.115251577618066221e+04
2.512242904809144857e-29 3.141320628476794809e+04
3.629796064109822784e-30 3.167389679335523397e+04
5.115818117944514882e-31 3.193458730194251984e+04
7.033317763425656859e-32 3.219527781052980572e+04
9.432301098827448006e-33 3.245596831911709160e+04
1.233920972575123054e-33 3.271665882770437747e+04
1.574596598952673515e-34 3.297734933629166335e+04
1.960033731486582366e-35 3.323803984487894922e+04
2.379962176670608435e-36 3.349873035346623510e+04
2.818959510391996343e-37 3.375942086205352098e+04
3.257016015660090026e-38 3.402011137064080685e+04
3.670821134480894397e-39 3.428080187922809273e+04
4.035699546659806414e-40 3.454149238781537861e+04
4.327994516221999160e-41 3.480218289640266448e+04
4.527587485699465251e-42 3.506287340498995036e+04
4.620184014102844347e-43 3.532356391357723624e+04
4.599005919882167025e-44 3.558425442216452211e+04
4.465611497567291429e-45 3.584494493075180799e+04
4.229705980011515947e-46 3.610563543933909386e+04
3.907974258943404102e-47 3.636632594792637974e+04
3.522130821853297547e-48 3.662701645651366562e+04
3.096503280785300531e-49 3.688770696510095149e+04
2.655521850900958770e-50 3.714839747368823737e+04
2.221470177963537668e-51 3.740908798227552325e+04
1.812772769260206129e-52 3.766977849086280912e+04
1.442974057910415151e-53 3.793046899945009500e+04
1.120433153604737551e-54 3.819115950803738087e+04
8.486442092081291797e-56 3.845185001662466675e+04
6.270145608687835425e-57 3.871254052521195263e+04
4.518995135580900652e-58 3.897323103379923850e+04
3.177008629999891249e-59 3.923392154238652438e+04
2.178748938236827070e-60 3.949461205097381026e+04
1.457498967035680566e-61 3.975530255956109613e+04
9.510899575378765709e-63 4.001599306814838201e+04
6.054066814456895398e-64 4.027668357673566788e+04
3.759110538098213615e-65 4.053737408532295376e+04
2.276854385764600515e-66 4.079806459391023964e+04
1.345233549524392055e-67 4.105875510249752551e+04
7.753046637587839640e-69 4.131944561108481139e+04
4.358724064152926049e-70 4.158013611967209727e+04
2.390334221739150683e-71 4.184082662825938314e+04
1.278704387761182644e-72 4.210151713684666902e+04
6.672582542374378753e-74 4.236220764543395489e+04
3.396487554429286216e-75 4.262289815402124077e+04
1.686469042378588774e-76 4.288358866260852665e+04
8.168437541312980304e-78 4.314427917119581252e+04
3.859329729839191098e-79 4.340496967978309840e+04
1.778676841728013280e-80 4.366566018837038428e+04
7.996399612554962195e-82 4.392635069695767015e+04
3.506745121738973329e-83 4.418704120554495603e+04
1.500120641027071458e-84 4.444773171413224190e+04
6.259799820754148615e-86 4.470842222271952778e+04
2.548044316201872790e-87 4.496911273130681366e+04
1.011732688596710876e-88 4.522980323989409953e+04
3.918653471346329038e-90 4.549049374848138541e+04
1.480540226465128550e-91 4.575118425706867129e+04
5.456521068132402587e-93 4.601187476565595716e+04
1.961659989948978203e-94 4.627256527424324304e+04
6.879294556957153050e-96 4.653325578283052891e+04
2.353294879240698898e-97 4.679394629141781479e+04
7.852737268657945023e-99 4.705463680000510067e+04
2.556101282281104161e-100 4.731532730859238654e+04
8.116098744687061778e-102 4.757601781717967242e+04
2.513789220170479398e-103 4.783670832576695830e+04
7.594910668259408869e-105 4.809739883435424417e+04
2.238353905366164401e-106 4.835808934294153005e+04
6.434978655951446811e-108 4.861877985152881593e+04
1.804586653012324992e-109 4.887947036011610180e+04
4.936517084364948454e-111 4.914016086870338768e+04
1.317273093397864360e-112 4.940085137729067355e+04
3.428808820500239847e-114 4.966154188587795943e+04
8.706086825037683687e-116 4.992223239446524531e+04
2.156328834663191867e-117 5.018292290305253118e+04
5.209778509649166098e-119 5.044361341163981706e+04
1.227823108211553584e-120 5.070430392022710294e+04
2.822699321001722797e-122 5.096499442881438881e+04
6.330029122072106260e-124 5.122568493740167469e+04
1.384710771494115747e-125 5.148637544598896056e+04
2.954776975858523798e-127 5.174706595457624644e+04
6.150389429108520839e-129 5.200775646316353232e+04
