2.797280000000000000e+05 1.646284848644025658e+02
1.055000000000000000e+03 4.938854545932076689e+02
8.050000000000000000e+02 8.231424243220128574e+02
8.360000000000000000e+02 1.152399394050817818e+03
9.040000000000000000e+02 1.481656363779623007e+03
9.130000000000000000e+02 1.810913333508428195e+03
1.002000000000000000e+03 2.140170303237233384e+03
1.179000000000000000e+03 2.469427272966038799e+03
1.369000000000000000e+03 2.798684242694843761e+03
1.665000000000000000e+03 3.127941212423648722e+03
1.983000000000000000e+03 3.457198182152454137e+03
2.411000000000000000e+03 3.786455151881259098e+03
2.982000000000000000e+03 4.115712121610064059e+03
3.689000000000000000e+03 4.444969091338869475e+03
4.613000000000000000e+03 4.774226061067674891e+03
5.582000000000000000e+03 5.103483030796479397e+03
6.381000000000000000e+03 5.432740000525284813e+03
7.194000000000000000e+03 5.761996970254090229e+03
7.782000000000000000e+03 6.091253939982894735e+03
8.142000000000000000e+03 6.420510909711700151e+03
7.891000000000000000e+03 6.749767879440505567e+03
7.408000000000000000e+03 7.079024849169310073e+03
6.550000000000000000e+03 7.408281818898115489e+03
5.626000000000000000e+03 7.737538788626920905e+03
4.506000000000000000e+03 8.066795758355725411e+03
3.475000000000000000e+03 8.396052728084530827e+03
2.688000000000000000e+03 8.725309697813336243e+03
1.969000000000000000e+03 9.054566667542141658e+03
1.364000000000000000e+03 9.383823637270947074e+03
1.107000000000000000e+03 9.713080606999750671e+03
8.530000000000000000e+02 1.004233757672855609e+04
7.370000000000000000e+02 1.037159454645736150e+04
6.630000000000000000e+02 1.070085151618616692e+04
6.520000000000000000e+02 1.103010848591497233e+04
6.490000000000000000e+02 1.135936545564377775e+04
6.510000000000000000e+02 1.168862242537258317e+04
6.810000000000000000e+02 1.201787939510138676e+04
6.990000000000000000e+02 1.234713636483019218e+04
6.910000000000000000e+02 1.267639333455899759e+04
6.680000000000000000e+02 1.300565030428780301e+04
6.440000000000000000e+02 1.333490727401660843e+04
6.360000000000000000e+02 1.366416424374541384e+04
5.910000000000000000e+02 1.399342121347421744e+04
5.910000000000000000e+02 1.432267818320302285e+04
5.210000000000000000e+02 1.465193515293182827e+04
5.140000000000000000e+02 1.498119212266063369e+04
4.720000000000000000e+02 1.531044909238943910e+04
4.380000000000000000e+02 1.563970606211824452e+04
3.970000000000000000e+02 1.596896303184704811e+04
4.130000000000000000e+02 1.629822000157585353e+04
3.720000000000000000e+02 1.662747697130465895e+04
3.810000000000000000e+02 1.695673394103346436e+04
3.460000000000000000e+02 1.728599091076226978e+04
3.190000000000000000e+02 1.761524788049107519e+04
3.500000000000000000e+02 1.794450485021988061e+04
2.940000000000000000e+02 1.827376181994868602e+04
2.980000000000000000e+02 1.860301878967749144e+04
2.830000000000000000e+02 1.893227575940629686e+04
2.390000000000000000e+02 1.926153272913509863e+04
2.290000000000000000e+02 1.959078969886390405e+04
1.700000000000000000e+02 1.992004666859270947e+04
1.740000000000000000e+02 2.024930363832151488e+04
1.520000000000000000e+02 2.057856060805032030e+04
1.150000000000000000e+02 2.090781757777912571e+04
1.230000000000000000e+02 2.123707454750793113e+04
9.100000000000000000e+01 2.156633151723673654e+04
7.200000000000000000e+01 2.189558848696554196e+04
6.600000000000000000e+01 2.222484545669434738e+04
6.100000000000000000e+01 2.255410242642315279e+04
5.000000000000000000e+01 2.288335939615195821e+04
4.900000000000000000e+01 2.321261636588076362e+04
4.100000000000000000e+01 2.354187333560956540e+04
5.700000000000000000e+01 2.387113030533837082e+04
4.900000000000000000e+01 2.420038727506717623e+04
3.600000000000000000e+01 2.452964424479598165e+04
4.300000000000000000e+01 2.485890121452478706e+04
3.700000000000000000e+01 2.518815818425359248e+04
3.500000000000000000e+01 2.551741515398239790e+04
5.000000000000000000e+01 2.584667212371120331e+04
3.400000000000000000e+01 2.617592909344000873e+04
3.600000000000000000e+01 2.650518606316881414e+04
4.500000000000000000e+01 2.683444303289761956e+04
1.800000000000000000e+01 2.716370000262642498e+04
2.900000000000000000e+01 2.749295697235523039e+04
3.000000000000000000e+01 2.782221394208403217e+04
2.400000000000000000e+01 2.815147091181283758e+04
1.800000000000000000e+01 2.848072788154164300e+04
1.600000000000000000e+01 2.880998485127044842e+04
2.700000000000000000e+01 2.913924182099925383e+04
1.600000000000000000e+01 2.946849879072805925e+04
1.500000000000000000e+01 2.979775576045686466e+04
1.000000000000000000e+01 3.012701273018567008e+04
1.100000000000000000e+01 3.045626969991447550e+04
1.200000000000000000e+01 3.078552666964328091e+04
1.300000000000000000e+01 3.111478363937208633e+04
1.200000000000000000e+01 3.144404060910089174e+04
5.000000000000000000e+00 3.177329757882969352e+04
7.000000000000000000e+00 3.210255454855849894e+04
6.000000000000000000e+00 3.243181151828730435e+04
9.000000000000000000e+00 3.276106848801610977e+04
5.000000000000000000e+00 3.309032545774491155e+04
2.000000000000000000e+00 3.341958242747371696e+04
5.000000000000000000e+00 3.374883939720252238e+04
5.000000000000000000e+00 3.407809636693132779e+04
3.000000000000000000e+00 3.440735333666013321e+04
3.000000000000000000e+00 3.473661030638893862e+04
3.000000000000000000e+00 3.506586727611774404e+04
4.000000000000000000e+00 3.539512424584654946e+04
1.000000000000000000e+00 3.572438121557535487e+04
3.000000000000000000e+00 3.605363818530416029e+04
2.000000000000000000e+00 3.638289515503296570e+04
4.000000000000000000e+00 3.671215212476177112e+04
3.000000000000000000e+00 3.704140909449057654e+04
1.000000000000000000e+00 3.737066606421938195e+04
1.000000000000000000e+00 3.769992303394818737e+04
1.000000000000000000e+00 3.802918000367699278e+04
1.000000000000000000e+00 3.835843697340579092e+04
2.000000000000000000e+00 3.868769394313459634e+04
1.000000000000000000e+00 3.901695091286340175e+04
1.000000000000000000e+00 3.934620788259220717e+04
3.000000000000000000e+00 3.967546485232101259e+04
0.000000000000000000e+00 4.000472182204981800e+04
0.000000000000000000e+00 4.033397879177862342e+04
0.000000000000000000e+00 4.066323576150742883e+04
1.000000000000000000e+00 4.099249273123623425e+04
0.000000000000000000e+00 4.132174970096503966e+04
2.000000000000000000e+00 4.165100667069384508e+04
1.000000000000000000e+00 4.198026364042265050e+04
1.000000000000000000e+00 4.230952061015145591e+04
0.000000000000000000e+00 4.263877757988026133e+04
1.000000000000000000e+00 4.296803454960906674e+04
1.000000000000000000e+00 4.329729151933787216e+04
0.000000000000000000e+00 4.362654848906667758e+04
0.000000000000000000e+00 4.395580545879548299e+04
0.000000000000000000e+00 4.428506242852428841e+04
0.000000000000000000e+00 4.461431939825309382e+04
0.000000000000000000e+00 4.494357636798189924e+04
0.000000000000000000e+00 4.527283333771070465e+04
0.000000000000000000e+00 4.560209030743951007e+04
1.000000000000000000e+00 4.593134727716831549e+04
0.000000000000000000e+00 4.626060424689712090e+04
0.000000000000000000e+00 4.658986121662591904e+04
0.000000000000000000e+00 4.691911818635472446e+04
0.000000000000000000e+00 4.724837515608352987e+04
0.000000000000000000e+00 4.757763212581233529e+04
0.000000000000000000e+00 4.790688909554114070e+04
0.000000000000000000e+00 4.823614606526994612e+04
0.000000000000000000e+00 4.856540303499875154e+04
0.000000000000000000e+00 4.889466000472755695e+04
1.000000000000000000e+00 4.922391697445636237e+04
0.000000000000000000e+00 4.955317394418516778e+04
0.000000000000000000e+00 4.988243091391397320e+04
0.000000000000000000e+00 5.021168788364277862e+04
0.000000000000000000e+00 5.054094485337158403e+04
0.000000000000000000e+00 5.087020182310038945e+04
0.000000000000000000e+00 5.119945879282919486e+04
0.000000000000000000e+00 5.152871576255800028e+04
0.000000000000000000e+00 5.185797273228680569e+04
0.000000000000000000e+00 5.218722970201561111e+04
0.000000000000000000e+00 5.251648667174441653e+04
0.000000000000000000e+00 5.284574364147322194e+04
0.000000000000000000e+00 5.317500061120202736e+04
0.000000000000000000e+00 5.350425758093083277e+04
0.000000000000000000e+00 5.383351455065963819e+04
0.000000000000000000e+00 5.416277152038844361e+04
0.000000000000000000e+00 5.449202849011724902e+04
0.000000000000000000e+00 5.482128545984605444e+04
0.000000000000000000e+00 5.515054242957485258e+04
0.000000000000000000e+00 5.547979939930365799e+04
0.000000000000000000e+00 5.580905636903246341e+04
0.000000000000000000e+00 5.613831333876126882e+04
0.000000000000000000e+00 5.646757030849007424e+04
0.000000000000000000e+00 5.679682727821887966e+04
0.000000000000000000e+00 5.712608424794768507e+04
0.000000000000000000e+00 5.745534121767649049e+04
0.000000000000000000e+00 5.778459818740529590e+04
0.000000000000000000e+00 5.811385515713410132e+04
0.000000000000000000e+00 5.844311212686290673e+04
1.000000000000000000e+00 5.877236909659171215e+04
0.000000000000000000e+00 5.910162606632051757e+04
0.000000000000000000e+00 5.943088303604932298e+04
0.000000000000000000e+00 5.976014000577812840e+04
0.000000000000000000e+00 6.008939697550693381e+04
0.000000000000000000e+00 6.041865394523573923e+04
0.000000000000000000e+00 6.074791091496454465e+04
0.000000000000000000e+00 6.107716788469335006e+04
0.000000000000000000e+00 6.140642485442215548e+04
0.000000000000000000e+00 6.173568182415096089e+04
0.000000000000000000e+00 6.206493879387976631e+04
0.000000000000000000e+00 6.239419576360857172e+04
0.000000000000000000e+00 6.272345273333737714e+04
0.000000000000000000e+00 6.305270970306618256e+04
0.000000000000000000e+00 6.338196667279498070e+04
0.000000000000000000e+00 6.371122364252378611e+04
0.000000000000000000e+00 6.404048061225259153e+04
0.000000000000000000e+00 6.436973758198139694e+04
0.000000000000000000e+00 6.469899455171020236e+04
0.000000000000000000e+00 6.502825152143900777e+04
0.000000000000000000e+00 6.535750849116781319e+04
1.000000000000000000e+00 6.568676546089662588e+04
