3.010071252760121116e-07
3.040416022029078039e-07
3.030245930855615058e-07
3.046483704363892385e-07
2.970801471838864733e-07
3.060166516264360386e-07
3.109054859931301986e-07
3.824897230409504234e-07
3.037828596324274415e-07
3.047787149678368925e-07
3.143217042156637060e-07
2.876377169420147486e-07
3.025731617349516623e-06
3.118912300987711196e-07
3.245056093952173596e-07
3.072635632296095826e-07
3.007153189878112709e-07
1.135210621371263264e-06
3.175045045631272074e-07
3.275101563871974306e-07
3.062299214164430482e-07
3.048828493068043590e-07
3.024878085614149133e-07
3.096546184226649339e-07
3.147922127693895187e-07
3.122339411118892800e-07
3.264364010419824181e-07
2.982630054460035245e-07
3.288779071039612724e-07
3.164230322385708637e-07
3.113503689663080541e-07
3.028096475149288910e-07
2.906068651930866027e-07
3.051966619846468078e-07
3.091715834741329723e-07
2.938336289317376810e-07
2.922751234388258111e-07
3.135412701143093610e-07
3.166774143017219142e-07
3.061778045826530343e-07
2.945149403977662828e-07
3.105701573485267887e-07
2.976862061897033674e-07
3.148268312644096590e-07
2.943215030245321955e-07
3.150435790577294313e-07
3.006793753001784965e-07
3.129788159119848930e-07
2.973467253091563624e-07
3.224434213186029093e-07
2.977031735777871612e-07
3.047286053864138613e-07
3.223033789960129590e-07
3.173163463960340315e-07
2.925837987861718861e-07
3.130223624736898598e-07
3.178146356222870386e-07
3.002767301072804643e-07
3.153828647798068230e-07
2.843916661018271535e-07
3.345640670467695947e-07
3.110970520998876041e-07
3.110931660944950602e-07
3.028041929659487476e-07
3.103288822922208821e-07
3.094956771282204069e-07
3.006053817746560629e-07
3.091250321010499658e-07
3.039846006632493071e-07
3.177674436149485218e-07
3.164219430129680523e-07
3.070918246142434429e-07
3.245854301662675540e-07
4.355683864676932093e-07
3.006084667876124583e-07
2.973090875031362242e-07
3.090458734727557058e-07
3.033659780146114948e-07
2.942377034929227226e-07
2.993868175031499889e-07
3.585845466454223227e-07
3.170840464788467209e-07
2.851298537508404007e-07
3.280137761252338441e-07
3.078983632079954404e-07
3.019516362751530737e-07
2.377023533467446558e-06
3.288231334971830202e-07
3.076585432795189656e-07
3.054281434774429747e-07
3.096513647065852973e-07
3.098816020911179883e-07
3.026956647406706212e-07
3.091083962902208026e-07
3.033503506561230754e-07
3.202020224288656964e-07
3.147461194355014998e-07
2.979976411288631067e-07
3.135255086802239297e-07
3.434045480818646740e-07
3.276714205243738361e-07
3.039064130625650672e-07
3.271954264137792967e-07
2.977094375703784932e-07
3.514000480809402437e-07
3.158108519944625624e-07
3.329650895553284811e-07
3.086177711913296361e-07
3.041767582151821626e-07
3.083939219604464302e-07
2.999251820907815559e-07
2.955694790437610126e-07
3.198284150818537107e-07
2.977600007152469431e-07
3.099325052558195186e-07
3.067032724992408726e-07
3.035081765287875781e-07
3.143754674524239687e-07
5.933013086814954987e-06
3.047372535915440427e-07
3.243300143772991177e-07
3.007110625366621670e-07
3.096114509158407654e-07
3.127134427664689877e-07
3.181696228298945076e-07
3.123641340025763964e-07
3.076229726981847793e-07
3.118279995407827335e-07
3.119002737433838198e-07
3.241849280214394803e-07
3.117709653531329575e-07
3.045368740491918507e-07
2.974714920222694908e-07
3.189258499628241392e-07
3.020252645022494411e-07
3.251668938762559528e-07
3.053271182494009860e-07
3.128765113625687765e-07
3.186811372446583074e-07
2.933574327427521037e-07
3.097314650219027122e-07
3.074425553456318563e-07
3.039165841397886339e-07
3.121007637511972678e-07
3.038815153630514322e-07
3.093680914464004787e-07
3.116640865249088304e-07
3.146035918141124571e-07
3.270709451464489426e-07
3.011911874947861735e-07
3.077920613397112361e-07
3.072604350867956807e-07
3.052413228599323361e-07
3.106046461934011872e-07
3.095563837590336710e-07
2.979829656720862140e-07
4.781930097341982061e-06
3.157812346834813297e-07
3.239210578762529643e-07
3.028745786417446079e-07
3.144540024368709260e-07
3.078255262032219918e-07
3.332750295994120741e-07
3.006998413583182217e-07
3.045629638930264892e-07
3.194106245930440430e-07
-2.656672512612799683e-07
3.451084521169583565e-07
3.079199020301769076e-07
2.967170808681848108e-07
2.931620790673458793e-07
2.992567973619453533e-07
3.061177695533704868e-07
3.104575421339490683e-07
2.955131957917137283e-07
3.145280749196397111e-07
3.210527250253989890e-07
3.172609252591485031e-07
3.040218105246997934e-07
2.966077602799975745e-07
3.284127704937719838e-07
3.040714629426433845e-07
2.986258761521424601e-07
2.984430112665634733e-07
3.227365808539026212e-07
2.976708406338492278e-07
3.291733285998136538e-07
3.141390534605139051e-07
3.145792167574733116e-07
3.224774147306554404e-07
3.182946186282389865e-07
3.062123888077204216e-07
3.076000239239673143e-07
3.204882697022343066e-07
3.239808058785294192e-07
3.105636734576192170e-07
3.099778454492124274e-07
3.088623858608375165e-07
3.369882675440620888e-07
3.339752220768576611e-07
3.594875189513363143e-07
3.212946847579409478e-07
3.123289661010658002e-07
4.581845966391994984e-06
3.062260343707121977e-07
3.061624569682307610e-07
3.125605922782042304e-07
3.144332292208855503e-07
2.961457249710815726e-07
2.979818761551749019e-07
3.053750025437266753e-07
3.268724347630638214e-07
3.039515078094247697e-07
3.052616636395407050e-07
2.886939523529298983e-07
3.304850498462500540e-07
3.196457565547306559e-07
2.987595358957266120e-07
2.884065643854782386e-07
3.039208002772524931e-07
3.071484322577241446e-07
2.949209829501093513e-07
3.074465158734129688e-07
3.034931519946634529e-07
3.107836148797030228e-07
3.015800053468477591e-07
2.991340737586719100e-07
3.166488987088376088e-07
2.959410886918372060e-07
3.125186046559694329e-07
3.161472725275609577e-07
2.914688608929238119e-07
2.953395763397977953e-07
3.024875510817031712e-07
3.046274109794044210e-07
3.073417168905570758e-07
3.096426587763672836e-07
3.078114072589055961e-07
3.060899883046219721e-07
3.112420512434615171e-07
3.087098256612464512e-07
3.181871395337647636e-07
3.191289380064815873e-07
3.060056210143873002e-07
3.209822236833878992e-07
3.158575066576411744e-07
3.104213258386119957e-07
3.023778505638907653e-07
3.150335996161443274e-07
3.094553866900138023e-07
3.060874911037839435e-07
4.045589892095333594e-06
2.933793041280824596e-07
3.192040457840707204e-07
3.245686478686640672e-07
3.109840768904202628e-07
2.946989377599087468e-07
3.018765341327211963e-07
2.994382802594191339e-07
3.067089033046262567e-07
2.995000420550872066e-07
3.105187081548618978e-07
2.938151584023341168e-07
5.734889892993126757e-06
3.027813560626889722e-07
3.057671871550492000e-07
3.171203061857437060e-07
3.101968773188950523e-07
3.076090418594464285e-07
3.060368092700527099e-07
3.148569207195653406e-07
3.014154269544956330e-07
2.883365253629655761e-07
3.101917395751321505e-07
3.203374291753435620e-07
2.934114722073372783e-07
3.040360153598307249e-07
4.159899185229996214e-06
3.181110647343241784e-07
2.933030742930155299e-07
3.322300429122207067e-07
3.222920100729893005e-07
3.018862248822694908e-07
3.195735907236694758e-07
3.167590731160366956e-07
3.197860248946946541e-07
3.064227804489239015e-07
3.185629941420933469e-07
6.346351585466522824e-06
3.162857396977097574e-07
3.004962366482383664e-07
2.919007031414823176e-07
3.061731340901914671e-07
3.113984463136425594e-07
3.276429072675594418e-07
3.226116336218960329e-07
3.253088903221916821e-07
3.061719425711259391e-07
3.175180042029649886e-07
2.907757930138330533e-07
3.075176883512697192e-07
3.097600671454357363e-07
3.000999523498040982e-07
3.105397640109279601e-07
2.750634430009409196e-07
2.943049000314999594e-07
2.886798253332983744e-07
3.116817002029917849e-07
3.135309016919236536e-07
3.097238916088519705e-07
2.986608354990613971e-07
2.894881679378150284e-07
2.939517503651975178e-07
3.254471472492832453e-07
3.070506754486457707e-07
3.140242573326352242e-07
2.959976595035370874e-07
3.090129187806694339e-07
3.044443517445402126e-07
3.403169836342364404e-07
3.075396353874167359e-07
2.915489440698663688e-07
3.096518835364734239e-07
3.018868966679641754e-07
3.086856685129003687e-07
3.149379417997887666e-07
3.238498340927658951e-07
3.095481951816238017e-07
3.202724396038547132e-07
2.975937617576516607e-06
3.154104546859933451e-07
3.140466059729649911e-07
3.073361861140509545e-07
3.102512566531811115e-07
3.030843935762931450e-07
4.240243315760895809e-06
3.088449997222374458e-07
3.112427490199233722e-07
3.012438947206026986e-07
3.259308703467323946e-07
2.985448694327333622e-07
3.080923107838362589e-07
3.039279271129122911e-07
3.186728612285240194e-07
3.145423228679385296e-07
3.066178549928321721e-07
3.125998980951210925e-07
3.036032257054671573e-07
3.204218992099989094e-07
3.059318392260537056e-07
2.377900673855700567e-06
3.268101969867263844e-07
3.013094256231575019e-07
3.115579783347112524e-07
3.111889209531164876e-07
3.203267294516368590e-07
3.196531345967171553e-07
2.991470361190092112e-07
3.102561566568670153e-07
3.087151286075490818e-07
3.034514935827001664e-07
3.334742279783729910e-07
3.070039446662025264e-07
3.094164476873274291e-07
3.077577981711817626e-07
3.079779043188159511e-07
3.130624896306652115e-07
3.047660902016573157e-07
2.989277493919915264e-07
3.120105214455878063e-07
3.023153715547702772e-07
3.153040849575151761e-07
2.981217294525278258e-07
3.064776810700911632e-07
3.163119351922162697e-07
3.183753659881871144e-07
3.088965257824538987e-07
3.152176693880878923e-07
3.071387391775519902e-07
3.075945709201399616e-07
3.140497266373324662e-07
3.051904937124789414e-07
3.090485245873519394e-07
6.064011520871534384e-06
3.049161821823377391e-07
3.209716158221897655e-07
3.096380421560093901e-07
3.266741772096261070e-07
3.147344647608243229e-07
3.056908187267102584e-07
3.055256689022575026e-07
3.128066392097852230e-07
3.021794704513684056e-07
3.099516180931507930e-07
2.961872547925276464e-07
3.028447035457840294e-07
3.072261182422505020e-07
2.879909816569663094e-07
3.038971776860149402e-07
3.010132403575981137e-07
3.794772849364942925e-07
3.210727013621872713e-07
3.142587610770420555e-07
3.121381511956023050e-07
3.052983975758827944e-07
1.004991253972476456e-06
3.184034949690959679e-07
2.867807862302301429e-07
3.105903375675915721e-07
3.090597519462983127e-07
3.116009198037699547e-07
3.128451279770026395e-07
3.078546859493051827e-07
3.404269680433761317e-07
3.080620979976556320e-07
2.944361198505217024e-07
3.094634386239414597e-07
3.286896803768536050e-07
2.974294166918353185e-07
3.171809011031481498e-07
2.992332868725876355e-07
2.953402461895131816e-07
2.966144054047114936e-07
2.933940683923729731e-07
3.285718366239791817e-07
3.126536263253351988e-07
3.156453320965987658e-07
3.118660474134846984e-07
3.053091912492556466e-07
3.243291711862519078e-07
3.205076009127563300e-07
3.336357468403452406e-07
3.107937621296470553e-07
3.211877043858548101e-07
3.272119249796119944e-07
3.067533730493062350e-07
3.186314274944776415e-07
2.994934615515779541e-07
3.259451785127674967e-07
3.105849141420157183e-07
3.722966308949977459e-07
3.298415235205329936e-07
3.077351583661869410e-07
3.081841233516047246e-07
3.186631312317996168e-07
3.073331604724336996e-07
-1.889951081987707130e-06
3.014027992446393952e-07
3.221177877857604313e-07
3.254669138428445156e-07
3.164582086582907403e-07
3.199315956942348167e-07
2.985510443427084834e-07
-4.165777583923231705e-07
2.899640396394158256e-07
2.975901469818093426e-07
3.048350435599776505e-07
3.210671666738529242e-07
3.126428098074384429e-07
3.041325015444345337e-07
3.119931046611396159e-07
3.072588852897147471e-07
2.741216712563451149e-06
2.966858785540002792e-07
2.995327639379266235e-07
3.230613253955576874e-07
3.094655966490424800e-07
3.009439974027561068e-07
3.312978319795864323e-07
3.065746179970970539e-07
2.996175518832533358e-07
3.279976868533172393e-07
2.981561451445299297e-07
3.024178480709182104e-07
3.110998389580241422e-07
3.172784274321254032e-07
3.076402414539568207e-07
9.752866677287871741e-07
3.081886303755602894e-07
3.476667702919032486e-07
3.055538134767194544e-07
3.119201401430502939e-07
3.206272234833277643e-07
3.182064903412166495e-07
3.052829485064832893e-07
3.015148211348242686e-07
3.050600279531023291e-07
3.144990464174911022e-07
2.986627108946025153e-07
3.063054056280396220e-07
3.092395153926016464e-07
3.129286384421757289e-07
3.095698898737133797e-07
3.077677955303562375e-07
3.081161731925963100e-07
3.039651590610204687e-07
3.130618062394582379e-07
3.193577835974131586e-07
3.021479947571456172e-07
3.223866026339508235e-07
2.984728913643832543e-07
2.922772457283406350e-07
3.106211304568069672e-07
2.128145397220195783e-06
3.256909582864179254e-07
2.965107145667052713e-07
3.122681464649714581e-07
3.151900912998592632e-07
3.087927517429489310e-07
3.138167929929578744e-07
3.143072668031901468e-07
3.345134996252377763e-07
3.049420264472178520e-07
3.173704138924835755e-07
3.156248123001168512e-07
3.159551245086240404e-07
2.982068391440661593e-07
3.068842695676383686e-07
3.062811610254086490e-07
3.115523066093205169e-07
3.062504649763258249e-07
3.092273444083262321e-07
3.209197282500619769e-07
2.947546436508278997e-07
3.164328310387370742e-07
3.044564508614683486e-07
3.026645941780975978e-07
2.994606232724200295e-07
3.065978947173023765e-07
3.153526507688931578e-07
3.374206836745431604e-07
3.272370621193680591e-07
3.215330803117011336e-07
-1.466416363537397314e-06
3.046616028364041834e-07
3.058023146972259873e-07
2.976562341976205989e-07
3.161770857101275713e-07
3.178921411648653089e-07
3.123240706780859531e-07
3.207253774438197469e-07
3.077339484019391477e-07
3.057106154418819049e-07
3.066678279628283181e-07
3.107428705370839747e-07
3.147281826432962012e-07
3.041522542434588197e-07
3.007425707320343383e-07
3.122457081196521406e-07
3.068769275858884301e-07
3.137918329792444483e-07
3.034577305109803181e-07
7.910375585776760503e-07
3.139221461840682504e-07
3.186792992232286945e-07
3.129120836773890824e-07
3.076603941530478851e-07
3.052667962405802311e-07
3.102531124376399290e-07
3.321430797185007338e-07
3.105193748904744178e-07
3.096904057211782004e-07
3.016655323931874192e-07
3.070102201402638368e-07
3.266345896591981280e-07
3.161317757515865145e-07
3.141140317631887651e-07
2.883185337383299294e-07
3.159807485866191938e-07
2.978919601314913222e-07
4.999286212879809838e-06
2.402101481509892257e-06
3.030064487404483471e-07
3.079494929249260027e-07
2.930107736848547247e-07
3.200809363426101616e-07
3.252227940207372927e-07
3.086655363154344643e-07
3.228137973138891016e-07
3.113417086675742298e-07
3.250319003866343327e-07
2.945880374372541494e-07
3.954538575790000378e-06
3.134220706386790432e-07
3.157881983385458593e-07
3.098469042702567451e-07
3.023591378040371927e-07
3.139804616416957375e-07
3.038435943734454582e-07
2.992610520361290245e-07
3.123654424055678655e-07
3.163514300184076635e-07
2.958933838385490927e-07
3.113433439647157188e-07
3.180632014442627939e-07
3.045831343843074026e-07
3.055572836805248337e-07
3.056804051060553624e-07
3.037008615870375601e-07
3.069524689735593788e-07
3.122304164574361306e-07
3.076147464062321282e-07
3.177120843165836926e-07
2.967400298157512743e-07
2.979925959772701659e-07
3.021499698662263258e-07
3.058405629223073010e-07
3.090468239069512053e-07
2.881722491460697444e-07
3.035264478204727943e-07
3.069911666460047311e-07
2.826635493435710433e-07
3.001246930527348888e-07
3.112299562069191516e-07
3.165323199993248497e-07
3.020782497673568097e-07
3.035010468924165694e-07
2.991360505086145738e-07
3.316431860042454220e-07
2.256850787115879863e-06
2.980313384956291122e-07
2.392439045767123255e-06
5.987847943107903987e-06
3.061205244300273371e-07
3.084855632109868313e-07
3.121178802123382468e-07
3.150666917420565962e-07
3.178991598618132762e-07
3.319540346668653601e-07
3.151089461717545206e-07
3.068915420699624852e-07
3.153841560834331130e-07
3.112370631608478640e-07
3.210480523485173250e-07
2.985378947401987021e-07
3.014425603431261649e-07
3.114058262341238309e-07
2.975095531151747111e-07
3.083700716966870283e-07
3.049807274059983090e-07
3.184989494537625369e-07
3.077828829528880239e-07
3.160794349368606526e-07
3.171050921933220312e-07
3.096065736919886357e-07
3.135076955231129461e-07
2.944429132740824052e-07
3.061707263917304848e-07
3.008781155447808565e-07
3.150444147294815211e-07
3.060689949727728085e-07
2.961009755509752925e-07
3.056625062619547164e-07
3.192843829002012565e-07
3.149754950694048693e-07
3.015186158590752887e-07
3.188551514099173834e-07
3.232978272759630120e-07
3.001091557667797624e-07
3.225614091920257311e-07
3.037372547136946984e-07
3.074769387352947509e-07
3.133031341382551192e-07
2.934921756977391201e-07
3.093428743331271383e-07
3.152278518545259968e-07
-1.825763581936223695e-06
3.043944024635803594e-07
3.146199053576094955e-07
3.142437511910426578e-07
2.948692696754472477e-07
3.102288385594761799e-07
3.242067583680214242e-07
3.330064039220291024e-07
3.171797327270072331e-07
3.346441012964257819e-07
3.113715349512368670e-07
2.993902023001765397e-07
3.123239541166364136e-07
2.983914316559688007e-07
2.994718436134531129e-07
3.204499807895916406e-07
3.024676381045735125e-07
3.159405829789336084e-07
3.377539105078890674e-07
3.024549572662331958e-07
6.114403562354893533e-06
3.192623397803444841e-07
3.041184749806994805e-07
3.164618056010875069e-07
3.115128362013200171e-07
3.009371259794152966e-07
3.122780749642326503e-07
3.143993715766289592e-07
3.209064678496626951e-07
2.908360298097125192e-06
3.065936120167265923e-07
3.166079458048826134e-07
3.172137815568727292e-07
3.058867064752716263e-07
3.299256433783820727e-07
3.087128814727163143e-07
3.169201906474540476e-07
3.182035262711879837e-07
3.142684024196391219e-07
3.035850901431076563e-07
2.989984505192284500e-07
5.606317248178318118e-06
3.243545343048615560e-07
2.985310118225426589e-07
3.128461975107094837e-07
3.101309447076200805e-07
3.016293073631197513e-07
2.954886780083852851e-07
3.083752404836724928e-07
3.012276221231796682e-07
3.099346641817051912e-07
3.347853488471681101e-07
3.103851126472416108e-07
3.004632335806330981e-07
3.014043895832759651e-07
3.210630427960662481e-07
3.331909267690844807e-07
3.140840879098836057e-07
2.997610131099397952e-07
3.028274074476471021e-07
3.014398824348957526e-07
3.182348101751800085e-07
3.432692816508209034e-07
3.045758367088409788e-07
3.025839910656594781e-07
3.047398930304001680e-07
3.120396161809900465e-07
3.206253775385719153e-07
3.251525900608520595e-07
3.161225995674091129e-07
2.816493286746283194e-07
3.118217290850184117e-07
3.080590056927075784e-07
3.177587810123813252e-07
2.978384880334723002e-07
3.079016524220623379e-07
3.334510170812630651e-07
3.035490199498260367e-07
3.006638632856961440e-07
3.100670116768081041e-07
2.899532573437910145e-07
3.165979609141381541e-07
2.942477746900788568e-07
3.143045436837823460e-07
3.123235390001176383e-07
2.951615236377974622e-07
3.112059417527985055e-07
3.269087247521507358e-07
3.057564685960368674e-07
3.106869580483183736e-07
2.993905142203173405e-07
3.098132068369484136e-07
6.616994575588880003e-06
3.047846226563275467e-07
3.106488582845091346e-07
3.024323853431866332e-07
2.961443680273802006e-07
3.181971091086000252e-07
3.148629030620013268e-07
3.132501697745758499e-07
2.995821588214952542e-07
3.225755413518988242e-07
3.068244136464370804e-07
3.046122885808585220e-07
3.137937139945775916e-07
3.081994121816656491e-07
3.061377490332938484e-07
3.025639400371341124e-07
3.013217655025529039e-07
3.058143923673080626e-07
3.165521664018355350e-07
3.448064057853462800e-06
3.190164469318606293e-07
3.159419497639509113e-07
2.996539764846178670e-07
3.183790665753384700e-07
3.107031408140450948e-07
3.131606076700714704e-07
3.109746391911890784e-07
3.062764538960372025e-07
1.937452306081391054e-06
3.069827215862964965e-07
3.253541201639665747e-07
-1.363700708449790578e-06
3.103794053763434249e-07
2.997215113328492878e-07
3.160936656766376326e-07
3.165999605223565132e-07
2.958339334001552478e-07
3.291186443355536137e-07
3.200857063655557467e-07
2.943693373587984832e-07
3.596609288592703074e-07
3.170547166761616836e-07
3.175590531431990181e-07
3.099716526878799293e-07
9.192792660701237347e-07
3.098848751843989883e-07
3.090508079347484967e-07
3.096135475434779186e-07
3.184425534571832618e-07
3.174186381029186080e-07
3.063021163345431098e-07
2.997990928377212622e-07
3.190068539949496906e-07
3.119079823710465714e-07
3.247515353541355839e-07
2.900530931838410134e-07
3.146489567014688528e-07
2.966097265286301579e-07
3.460651937869729719e-07
2.993584930264040167e-07
3.100621727815478798e-07
3.099042450518752976e-07
3.032456840615216238e-07
3.009371041873184479e-07
3.087440907811588879e-07
3.128335457649598200e-07
3.216886150217522520e-07
3.097348987774841715e-07
3.180776651124548472e-07
3.043498388671329764e-07
3.290289057822949873e-07
3.127791557458171465e-07
3.212567237623614464e-07
3.117349025515947841e-07
3.226511130027675294e-07
3.628185174623225299e-07
3.127674815629680426e-07
2.876785240458726427e-07
3.033928549082732131e-07
3.153021650939566429e-07
3.166622969565061806e-07
3.097890084185508205e-07
3.126978214311902988e-07
3.073820180706896160e-07
3.067371087330571968e-07
-5.748258626977506867e-07
3.692961287925788813e-07
3.033273665888857644e-07
3.257787801646236767e-07
3.129666687806850808e-07
3.074804982426077105e-07
2.896468064202553014e-07
3.148745079102478140e-07
3.156848669382615202e-07
-2.206255161325659002e-06
6.527460029459846066e-06
3.082992935239978787e-07
2.940401464859501652e-07
3.046048901931250653e-07
3.075680671248974134e-07
3.524878261464434770e-07
3.150093868040734570e-07
3.136220406903341949e-07
3.154506341883554106e-07
3.151673859180977139e-07
3.521231964064157839e-07
3.030498636552997702e-07
3.105253343484175566e-07
3.152652108078829572e-07
2.971932518392250144e-07
3.180152038958943615e-07
2.913914025679853221e-07
5.957515380816447880e-06
3.043523103173349222e-07
2.906079715848003129e-07
3.194188047123987412e-07
2.972308142250837162e-07
3.108417274007683590e-07
3.428886783919108593e-07
3.138114543689663433e-07
3.132860193006933410e-07
3.228735738403762967e-07
3.109291399845136398e-07
2.935321158776177233e-07
3.138001856136979228e-07
3.151820507749262689e-07
3.097519612791025416e-07
2.993715566990861953e-07
3.035210210233246456e-07
3.091468266310525287e-07
3.160261737816129855e-07
3.149415785814173313e-07
3.135434664810623703e-07
2.977797121272876357e-07
3.034878942733501418e-07
3.110714053835420838e-07
3.025774071890303485e-07
3.125293980736949303e-07
2.897386341220542387e-07
3.428544678730498098e-07
2.663113416841985404e-06
3.179166499282119475e-07
3.141538030789480453e-07
3.156473540055696993e-07
2.962025307368554389e-07
3.155553053185005515e-07
3.051382262029950606e-07
2.980904791063457094e-07
3.091595832345143259e-07
3.117326809677336932e-07
3.033530108026997588e-07
2.987810077094428007e-07
3.128373710122976808e-07
3.022391992898230081e-07
3.278181646764551663e-07
3.097141157458290637e-07
3.128869840849639255e-07
3.126467540475745730e-07
3.197079285747783965e-07
3.116257603172458310e-07
3.115942487142485722e-07
2.953497841146131580e-07
3.050681843154704810e-07
3.263008176642876032e-07
2.957821914622963676e-07
3.004307798001469913e-07
3.085071796599436303e-07
3.120625160942755854e-07
2.937395531093775779e-07
2.927529508373972377e-07
3.112286754655844438e-07
2.968117441388042376e-07
3.305182415894206838e-07
2.986208644461076569e-07
3.258329989556522928e-07
3.217264866290126169e-07
3.264455666865887317e-07
3.104742183790889087e-07
3.183868731053161261e-07
3.199674825554496345e-07
3.199322098644009338e-07
3.115701689855847774e-07
3.086632112727804626e-07
3.052112451074778214e-07
3.078650825157538789e-07
3.220903441355462072e-07
2.993177603052057539e-07
3.081318768867307042e-07
3.054655855633643335e-07
2.778051536212832788e-07
3.024317433919860546e-07
3.143043590666520550e-07
3.297567820799331586e-07
3.104279425742837393e-07
3.328968656577175694e-07
2.894980728045049970e-07
3.038768530783773463e-07
2.991083505940010512e-07
3.132588824755335692e-07
3.013282151584488376e-07
3.011251212475394301e-07
2.986452279019819743e-07
2.955231858371990020e-07
3.139417974491868902e-07
3.111227702354268112e-07
3.261693667418475933e-07
3.105431753805838706e-07
3.022306139410853423e-07
3.016099113236408669e-07
2.971650064727646596e-07
3.157065736213707925e-07
3.144588420809578271e-07
2.903110400884749447e-07
2.943548771457334429e-07
3.115308703877138902e-07
3.086937927572217638e-07
3.086468887988266495e-07
3.136778214275213221e-07
3.228863100885543927e-07
3.072886105464314704e-07
3.085375772165340540e-07
2.985877230430596885e-07
3.136472420680637101e-07
-1.244048029078015040e-06
3.009984356956050517e-07
2.979179036209370633e-07
3.137096502988706212e-07
3.090210623665693747e-07
3.149139627254052939e-07
3.104290383235650097e-07
3.039506736445143822e-07
3.113905244436918250e-07
3.119012308559517231e-07
3.029703663963202276e-07
3.139106285713998879e-07
2.924510135860027214e-07
3.124760432866674968e-07
3.060873323314797461e-07
3.370177585246740216e-07
3.288291747310315024e-07
3.008667229960221656e-07
3.108773293617467422e-07
3.179609533179569901e-07
-4.690660661553656163e-07
3.086078571230310761e-07
3.044139099949786892e-07
3.247085587670636245e-07
3.124061402150239227e-07
3.104642786318185472e-07
3.078338455378153071e-07
3.109232141658169098e-07
3.052713303254304689e-07
5.346743381692790274e-07
3.174464060477785473e-07
3.058756460012631562e-07
2.909635698991284735e-07
3.101149047419026759e-07
3.205418022467485415e-07
3.049855619313007325e-07
3.084394048039217592e-07
2.992527142173056486e-07
2.906992315352184063e-07
2.972435928440441256e-07
3.081046750518926570e-07
3.077118664272150296e-07
3.043819649293954736e-07
3.177994161983774449e-07
3.231408943389229565e-07
3.023028536790273767e-07
3.184694172481720989e-07
3.171758318454012473e-07
3.149275228070022620e-07
3.019148763249725422e-07
3.084651025579043147e-07
3.132169589873363562e-07
2.998254072211774223e-07
3.075152831516509578e-07
2.967103805241149405e-07
3.114280633938173724e-07
3.660779037613919040e-07
3.040385526495532538e-07
3.114443512119840195e-07
3.108768104772245670e-07
3.043990290128913890e-07
2.918385239536508244e-07
3.208705336494642743e-07
3.240223169042756947e-07
3.038918410631814693e-07
3.092130697966844780e-07
2.939708524126951495e-07
3.060051255071552296e-07
3.038201458341496026e-07
3.114760842754175435e-07
3.036109869035948232e-07
3.141370226049817711e-07
2.879683744214439246e-07
3.020126534689575457e-07
3.126502413993732399e-07
3.083640337177451286e-07
3.012627521447138481e-07
3.069329834485754975e-07
3.092407468246513072e-07
2.516434942496917777e-07
3.212625832085746161e-07
3.231518171763438475e-07
3.114432184837112025e-07
3.028790319260714992e-07
4.246732908260327508e-07
3.194381908584964851e-07
3.046062496820376240e-07
3.074698758973906007e-07
3.042631148642073007e-07
3.011636335039127926e-07
3.102336757575090121e-07
3.000914493390466931e-07
2.984223236115469923e-07
3.054285414911675698e-07
7.060584909577640681e-07
3.015299905122555537e-07
3.127263195746824829e-07
3.217589681735603919e-07
3.209067776610052300e-07
3.074292144882271454e-07
3.077868022567528635e-07
3.047806046804879270e-07
3.206331737350496350e-07
3.116483761385894131e-07
3.431110427268941627e-07
2.982628298811796682e-07
2.982763971659978123e-07
3.144729931561583993e-07
3.084931258561161962e-07
3.085010315413358159e-07
3.019219031486388908e-07
3.266343358839550169e-07
3.032694904587168250e-07
3.295596343590980200e-07
3.238789749651269123e-07
3.104204125876356802e-07
3.146323543300333333e-07
3.090485684868583102e-07
3.062780998544248448e-07
3.108271384272917844e-07
3.238361137990697084e-07
3.147101734423566925e-07
3.113695956914458342e-07
3.018338938774364905e-07
2.942212671496741500e-07
3.052327094826060421e-07
2.949935684344810990e-07
2.954862964425837856e-07
3.062671120685532961e-07
3.200985375945504263e-07
4.174923454071408366e-07
3.152861617170531574e-07
3.196421005550835767e-07
3.273457974852426000e-07
3.106009986207486868e-07
3.231712033752369962e-07
3.102123229533082939e-07
2.933305725430059330e-07
3.100625943225152573e-07
3.101530555138126994e-07
3.086514535035167016e-07
3.222018513386148716e-07
2.983506792619126420e-07
3.404755145321433353e-07
3.097600401157910734e-07
3.150195229056423706e-07
2.969185232126088996e-07
3.346045367615715929e-07
2.913630643154577082e-07
3.212372676636856469e-07
3.134932295935635758e-07
3.211089004025630241e-07
-1.374657364330665856e-06
3.063089796536719451e-07
3.108711463533927385e-07
3.204752643862604648e-07
2.971830870000304862e-07
3.334606250203515682e-07
2.994892523599095703e-07
3.273204248161688649e-07
2.960011723134684906e-07
2.871354314109168701e-07
3.055184937559082278e-07
3.260497789719973856e-07
3.070907029798526742e-07
2.909692988254573890e-07
3.101343960602395506e-07
3.087704221865715271e-07
3.143692648592115396e-07
3.177627246749238357e-07
3.163674017764233431e-07
3.041814048984802186e-07
3.188574562229272869e-07
3.058451158530776030e-07
3.035063471659176934e-07
3.041789180370440402e-07
3.004170125996352697e-07
3.105449027967248755e-07
3.049774941852855295e-07
2.962307862601255572e-07
3.121468318554359822e-07
3.164162343797939243e-07
3.105546620609951158e-07
3.133070803598184181e-07
3.114478361414635926e-07
3.093812591684697670e-07
3.255803204767632184e-07
2.987195918781036140e-07
3.061351208328205217e-07
3.068983425379734908e-07
3.153329186959392125e-07
3.103806653544390120e-07
3.018207654789847515e-07
3.099242956568370205e-07
3.173372826801596168e-07
3.056217773273451936e-07
3.073205858545636322e-07
3.142522810848207816e-07
3.407704998980900390e-07
-9.036951425192044942e-07
3.141913436995415727e-07
3.063072402461193872e-07
2.949782061356374659e-07
3.188789200339567109e-07
2.958895083617757656e-07
3.000382411699223304e-07
2.933970991810436891e-07
3.217465381071594822e-07
2.958564961966517202e-07
3.094232034274536938e-07
3.187916722284612912e-07
3.273659710366889628e-07
3.137065933467637979e-07
3.652260321251310667e-07
3.281187199792116061e-07
3.097482592889452939e-07
3.161928592926926808e-07
3.076526430651694816e-07
3.238963675982523150e-07
3.233699852479281467e-07
3.002692365490538067e-07
-2.367704459749563577e-06
3.056515880871721614e-07
3.073697349633513431e-07
3.075507172861821296e-07
3.044031923844021178e-07
2.894178045433182544e-07
3.159155109810799915e-07
3.048636412040202376e-07
3.076082128076024638e-07
3.287577131991736592e-07
3.422448435908339801e-07
2.987326188178505939e-07
3.138837323486433543e-07
3.022130419449815849e-07
3.185600479794020948e-07
3.063237754742397066e-07
3.048935167462017961e-07
3.096815272025822608e-07
3.135215403217945322e-07
3.070980969076387557e-07
3.087635576401251973e-07
3.043601891253952383e-07
3.171289924336660239e-07
3.258718252869021246e-07
3.225532145117360654e-07
3.097892579928782314e-07
3.143201285455881746e-07
3.099259140744138274e-07
2.941841574948317206e-07
3.145045748069782806e-07
3.033479548082301722e-07
3.015217980104742772e-07
3.089409893784276922e-07
3.031299850010643370e-07
2.805313353701867599e-07
3.173845070727943733e-07
3.086449387380863077e-07
3.229891639664357311e-07
3.122158322475039742e-07
3.177656365231113664e-07
3.054912420818898451e-07
3.220446927593589663e-07
3.011773975798986428e-07
3.014430184822942807e-07
3.128381497833226194e-07
3.006122858310999600e-07
3.057925948696185781e-07
3.065318425775866754e-07
2.927343589705959242e-07
2.895592163237448549e-07
3.134448085171080592e-07
3.101904296005600921e-07
3.106349999213831154e-07
3.034335231251606912e-07
2.952460909097218072e-07
3.029851941150247170e-07
3.155012349029614367e-07
3.286620114798649388e-07
3.057241167111852365e-07
3.291882456969019008e-07
3.264206093655721867e-07
3.173142084326172522e-07
-5.397561159823015145e-07
7.550088864301647260e-06
3.534604024042838683e-07
3.124311701206846801e-07
3.214493803705893394e-07
3.154460732138256105e-07
2.955669751568560271e-07
3.065281357795448464e-07
3.056512994425061461e-07
3.084157817121755612e-07
3.215684118170967316e-07
3.009858028140291182e-07
3.197629145060956033e-07
2.928574504543451950e-07
4.775017346912545069e-06
2.956859346729529498e-07
3.116657296033290243e-07
3.000395932536330423e-07
3.193198647587519041e-07
3.173820880517652053e-07
3.176522582481006890e-07
3.050747269598119522e-07
3.079201152471632221e-07
3.072391329585905926e-07
2.999857296491060636e-07
2.945220688044678512e-07
3.361783552580148633e-07
3.198705855186610073e-07
3.158155109652540204e-07
3.104509859372072313e-07
3.057773789208061756e-07
3.134431973911673685e-07
3.201760660525702221e-07
3.117333341194266926e-07
2.996442260568805708e-07
3.058495914691973321e-07
3.076287453207204587e-07
3.144305533682589936e-07
2.949833156073336541e-07
3.005704718740314462e-07
3.005840159530374943e-07
3.218187787911216458e-07
3.311418878471162760e-07
3.150057449472731353e-07
3.339090460148338602e-07
2.989540304911023651e-07
3.272306255098164685e-07
3.029679388048188404e-07
3.153777454150669311e-07
3.052288324436644087e-07
3.039562130559503417e-07
2.954857006066835104e-07
3.037829270722553658e-07
3.120995623308845748e-07
5.221796425408868708e-07
3.143973920399778098e-07
3.115876384393668500e-07
3.207624784386728154e-07
3.103362250707817550e-07
2.954865514264135282e-07
2.878052281735136225e-07
3.180765636917412880e-07
2.952816257625791033e-07
2.851698714612289352e-07
2.920955847359510847e-07
3.171424165668175296e-07
3.010616150963378804e-07
3.016358440650915754e-07
3.399984816395402850e-07
2.994197995947761355e-07
3.077286282843959867e-07
3.054139111440172855e-07
3.053198092210021512e-07
3.194731683976631673e-07
3.012462521213448124e-07
3.117771650262070301e-07
3.097732713436206278e-07
3.044884271240173830e-07
3.112995434427765981e-07
3.130420439815399814e-07
3.161351710814199599e-07
3.088889556737610053e-07
3.187719440251894886e-07
3.150323050216482889e-07
-1.391197831062546591e-06
2.985493701031630288e-07
3.261406583055480101e-07
2.996463608263189063e-07
3.119684707614712001e-07
3.066749322193735689e-07
2.981537124014226499e-07
3.098789606775478009e-07
1.234985400774267377e-07
2.941453601273513773e-07
3.235637586573263070e-07
3.037399647559624733e-07
3.027797273434350980e-07
2.860758842298328376e-07
3.044462888954825811e-07
3.048670890389549705e-07
3.035370593457445578e-07
3.111107616444335112e-07
3.168205021260167132e-07
3.024720722272418734e-07
3.004136795635309465e-07
3.203247348050534312e-07
3.245245408121167154e-07
2.969798295819827506e-07
3.121352213757114856e-07
3.230168387868123006e-07
3.072332270201473522e-07
3.009271240623984606e-07
3.097288096036058713e-07
3.073244041111200977e-07
3.069305611042126138e-07
3.077624491582829698e-07
3.220723926419444261e-07
3.116809644638709218e-07
3.125596653461002993e-07
3.032748209462222025e-07
3.203451452479033006e-07
3.133234970332213557e-07
3.001605287420677430e-07
2.952355044144824287e-07
3.062505348174283095e-07
3.140536560176808703e-07
3.230207416585696828e-07
3.040095953122445020e-07
5.344750539943133383e-06
3.115972036333414399e-07
3.139092159188686413e-07
3.025838642132364560e-07
3.286090727224711915e-07
3.053591246446864390e-07
3.033677017395291876e-07
3.040598130195444325e-07
3.735948576679293863e-06
3.258137807510295227e-07
3.086541480774054307e-07
2.996663752616333518e-07
3.120249832116479978e-07
3.092159754255586399e-07
3.068005893642749762e-07
2.983191230433621400e-07
2.961938041597811078e-07
2.961293978037887671e-07
2.996795944433279427e-07
3.131893180799366449e-07
3.111614884387268953e-07
3.107595969838253023e-07
3.379694586293477504e-07
3.046296544233641245e-07
3.939202477019387633e-06
3.164430796200993662e-07
2.910878268558355219e-07
3.024395232413698904e-07
2.915434916278328243e-07
3.062382990605715296e-07
3.040255469228247602e-07
2.973313341372513639e-07
3.186078609729804318e-07
3.078210915008542344e-07
3.098707597714860341e-07
3.018563318089490848e-07
3.203989605589049722e-07
3.007051191049059569e-07
2.976914623100191644e-07
3.099875601329654601e-07
3.275033428519249209e-07
3.034356676885894799e-07
3.490146192737461723e-07
3.155517146069219902e-07
3.128210756514473221e-07
3.086465190372363358e-07
2.356777968221676303e-06
2.991255325345817077e-07
3.212078426811508182e-07
2.954393262728494235e-07
3.175396866558600420e-07
3.051713377182712917e-07
3.198974473675487743e-07
2.939913146466629653e-07
3.113302254489405826e-07
2.915116667762104606e-07
3.044015760215062712e-07
3.080861254139428045e-07
3.319498996411764212e-07
3.020339709340790427e-07
2.982144033859974194e-07
3.150724411463989401e-07
-9.230528683880487933e-07
3.099191381540793248e-07
3.174011035330063355e-07
3.385243224964495022e-07
3.091760097178440593e-07
3.024444533176186216e-07
3.057325850191586996e-07
2.980373104645336968e-07
3.115647329145398634e-07
2.912718725078052530e-07
3.043559792883340178e-07
3.127021988447879593e-07
3.192964640049121474e-07
3.112989167639729760e-07
3.025243292760427620e-07
3.080121591327867743e-07
3.043209902811731750e-07
3.209234816009755065e-07
3.020579653227617153e-07
3.268492381954439923e-07
3.119799472133490554e-07
3.108892502098037934e-07
3.179618936543714993e-07
3.146606538911520608e-07
3.078645608405730799e-07
2.971601905566634848e-07
3.128331069414121841e-07
3.196894530104878564e-07
3.121801925543613474e-07
3.129241924940906087e-07
3.282451780575816398e-07
2.996379167527844506e-07
3.015578890862470392e-07
3.092676020087650432e-07
3.063015699454706268e-07
3.347865810091290374e-07
2.557025182680587069e-06
3.165466631723662059e-07
2.971707010554050159e-07
-9.323415926088433127e-07
3.078196605626205094e-07
3.007786091178306547e-07
2.973866156628850673e-07
3.014406790086944286e-07
3.069066877336610145e-07
3.246267704116146005e-07
3.139680331849841176e-07
2.987958788153395470e-07
3.133453254942603134e-07
2.978861165740177860e-07
3.150720913640953552e-07
-7.797807589543949112e-07
3.090437957072703093e-07
3.063693912493184016e-07
3.068273691389387485e-07
3.310338163599863481e-07
3.053177536160967053e-07
3.147221521661454327e-07
3.081095087049314040e-07
3.181499492323375908e-07
3.079216283210942521e-07
3.056861226710203951e-07
3.148397494857996747e-07
3.203622089605405573e-07
3.080760912143364971e-07
3.221899053257822401e-07
3.055954194128903815e-07
3.052165391502747303e-07
3.261568584301290361e-07
3.175166058763800648e-07
2.960519826674718593e-07
3.101031902063357257e-07
3.069568584139025187e-07
3.081587713270064561e-07
3.055898645606532867e-07
3.070297947370334479e-07
3.008422501887930512e-07
3.098113514940610005e-07
3.118850708493667140e-07
2.961423791431448665e-07
3.080993297500647351e-07
2.946919091211392542e-07
3.033438584308854823e-07
3.098702799788556932e-07
3.098239123428081111e-07
3.144319274494244514e-07
3.187809852181211212e-07
3.103928361721235861e-07
3.214471494338771599e-07
2.998804143149161317e-07
3.254410876936924091e-07
2.980574842191276771e-07
2.910425469904784154e-07
3.114790833650039565e-07
4.001057183893700135e-07
3.130866275938237237e-07
2.968552530411021793e-07
3.178258196628103835e-07
3.062704898152566412e-07
5.949512617546754566e-06
3.006709285777613683e-07
2.925107284648247986e-07
3.048386939950236244e-07
3.088557160284906928e-07
3.014587636594234215e-07
3.115913959288623957e-07
3.126175999315395468e-07
3.099750715242979765e-07
3.013441500660923826e-07
2.930460912713377418e-07
3.022638455459255255e-07
2.983485184862437025e-07
3.108204246672737386e-07
3.068588652212320837e-07
3.012009407672904522e-07
3.229644341090369288e-07
5.348523017081679888e-06
2.944077666841093857e-07
3.054599099183105822e-07
3.252584839182636982e-07
3.316575677023506757e-07
2.988231762705061706e-07
3.280010396278141858e-07
3.295400204973334275e-07
3.365898116419502046e-07
-2.532980863967695194e-06
3.005856672483476502e-07
3.062306185658770115e-07
2.990913018532890478e-07
3.336030263350101478e-07
3.054585038136593788e-07
3.148459213850551067e-07
3.103682310305763354e-07
3.232963939606159178e-07
2.934248119157080737e-07
3.134734230679262618e-07
3.091963244419781345e-07
3.228201472757015799e-07
3.053452407029249118e-07
3.477242697430682495e-07
3.106648412471373622e-07
3.100915365479533487e-07
2.971641527009469967e-07
3.182266265380413644e-07
2.997414658122231520e-07
3.061929497442785015e-07
3.224840059292053432e-07
3.083188150177166339e-07
3.142316763322077714e-07
1.898921895010597075e-06
3.142026953914338069e-07
2.886052300006457532e-07
3.036543709683281374e-07
3.022393813349233552e-07
3.159005529333930983e-07
3.055235185711621533e-07
3.047047590645435139e-07
3.054436681945630233e-07
3.020289673215480238e-07
3.123110561385220621e-07
3.065165865071994888e-07
3.275850409074968500e-07
3.216778983044150692e-06
3.204609799214560181e-07
3.154681922585948819e-07
3.085724955356236276e-07
3.294046466281712707e-07
3.080873444696925823e-07
3.032137851324435461e-07
3.168815518927144175e-07
3.062233539646292695e-07
2.976467452799141802e-07
3.007405866432062077e-07
3.341337598484488343e-07
4.304369465555177913e-07
3.764325703478830970e-06
3.136805112937637725e-07
3.132578974928361498e-07
3.240388133084835932e-07
3.030493560128510750e-07
3.131438360147310168e-07
3.210483559423495065e-07
3.202286075700915336e-07
2.992827270463412879e-07
3.548134223441959784e-07
3.127957503928963751e-07
3.087348527513101879e-07
3.123219493001994443e-07
3.279046795171509870e-07
3.120895394321305929e-07
3.159395097058458174e-07
3.142478493056813039e-07
3.056228187783427158e-07
3.219620818911198846e-07
3.032206952141122121e-07
3.085970093318629560e-07
3.010988338726317303e-07
2.980196202603962607e-07
3.218334629025338570e-07
3.060392051168139242e-07
3.120584764126083638e-07
3.057979871497455275e-07
3.260060190849198743e-07
2.978555305177745444e-07
3.218998204661723376e-07
3.130714728399928623e-07
3.039971725622171469e-07
2.979657879070293805e-07
3.089285211868056877e-07
2.967591129922535431e-07
3.134122530854121212e-07
3.140125509265301422e-07
3.137595974201000116e-07
3.113088380849169785e-07
3.077729999902477251e-07
3.146898511355973848e-07
3.078044356875734736e-07
3.439607755839691007e-07
3.220158653410699424e-07
3.132101179471458734e-07
2.939208109644480201e-07
2.990294349559093015e-07
3.106914281515838814e-07
3.155415390187666529e-07
3.264151259198742124e-07
3.130766472897259866e-07
2.995131718806182022e-07
3.219196675648205445e-07
3.082544568318444174e-07
2.909727543293892511e-07
2.955423608028450873e-07
2.981506555789535310e-07
3.043465470936217741e-07
3.064209571211962709e-07
3.060187022141366919e-07
3.263255227095267764e-07
3.102425724599521947e-07
3.149168517698716627e-07
3.175908047706217132e-07
3.082562717433459580e-07
2.992520560342220136e-07
3.173607622071529607e-07
3.244031022602756447e-07
3.128010741896248159e-07
3.269724319523495825e-07
3.125655398626940204e-07
3.187505426657292237e-07
3.085078682352951613e-07
2.835175616999937256e-07
4.228334517948696792e-06
3.137078830089614678e-07
3.016611791498822728e-07
3.097991691643643987e-07
3.089200011186750795e-07
3.083288826154974736e-07
2.102861422942467562e-06
3.115803406545261851e-07
3.115338950848864972e-07
4.131066965011847928e-06
2.982775104443608048e-07
3.022938636279991999e-07
2.897763559528166728e-07
3.010998786172077595e-07
3.007696348844187135e-07
3.067385279852500989e-07
2.961282711607228806e-07
3.231814553513735625e-07
3.048100504247928568e-07
3.163524356619731782e-07
2.982292264777511354e-07
3.191367243102655867e-07
3.119209428110565784e-07
3.202315531652910399e-07
3.092927202361227216e-07
3.068593842078720216e-07
3.263850273182825422e-06
6.516086328316396159e-06
3.090881649900505237e-07
3.131052974843666478e-07
3.089430925120325865e-07
3.032759682223349636e-07
3.038036620266568183e-07
2.992541449646656342e-07
3.135008376070947848e-07
3.081281403305600833e-07
3.056121105556250517e-07
3.139524858254058041e-07
3.134614169715141306e-07
2.947362859040217221e-07
3.074961354174128893e-07
3.002856390960062682e-07
3.123554693583929285e-07
3.018375634059987294e-07
3.143117873300199022e-07
3.107967008223943973e-07
1.842851426150340248e-06
3.355450274734248956e-07
2.946017537965632937e-07
3.119352876621796822e-07
2.894856343057278318e-07
6.140302013496350185e-06
3.101393263866504631e-07
2.913626654319424552e-07
3.155227319309535995e-07
3.384972737488393041e-07
3.083526831692762224e-07
3.135657321606113144e-07
3.102918124311953730e-07
3.025503106547721703e-07
2.944959167481043216e-07
3.157128201896508605e-07
2.963381638815933990e-07
3.240647538121139489e-07
3.179959345182191871e-07
3.110829802475425339e-07
3.006183707922133102e-07
3.186744623812208036e-07
3.058971434368444497e-07
3.140152836700183515e-07
3.090387677219210398e-07
3.201659909909306099e-07
3.064358388211786693e-07
3.163359217294652101e-07
3.227645112337666591e-07
2.903375336569279850e-07
3.213641696592637382e-07
3.124999062423555572e-07
3.066481374192601079e-07
5.454485692650923873e-06
3.052333217866378742e-07
3.078155055500040221e-07
2.986414976088822856e-07
3.070341849064453742e-07
3.051616998327470317e-07
3.106805066548732620e-07
3.038995328829685429e-07
3.168612770555649575e-07
3.061647068674205616e-07
3.109063292168339697e-07
3.114074313488760417e-07
3.059919533235347092e-07
3.172944873932485737e-07
3.072272669919434109e-07
3.312386341207841072e-07
3.169743571259708338e-07
2.980419009326176302e-07
3.044633258607865974e-07
3.008055400303971266e-07
3.123004561853459202e-07
3.059083785375909105e-07
3.192877775813673418e-07
3.253557686275745431e-07
3.079551405980289367e-07
3.259038520512793981e-07
3.082331072180894332e-07
3.094070018379392440e-07
2.996138375294633180e-07
3.051704033478203735e-07
2.935683128440894206e-07
3.147283484422315634e-07
3.141610440969720680e-07
3.174250586037536735e-07
3.187065968722742776e-07
2.998029183677813036e-07
3.131894214043527549e-07
6.603758697121119550e-06
3.209816947583433669e-07
3.256700990230440267e-07
3.056969135517859713e-07
-4.670066970861251655e-08
3.189298827473876272e-07
3.184154424879963784e-07
3.205129201484802240e-07
3.019656426023368985e-07
3.152791063623102842e-07
3.065881890395168294e-07
3.008329210621571662e-07
3.241356411172295778e-07
3.105635255189647766e-07
3.053386648207939088e-07
3.052992254025736455e-07
2.963827240115110644e-07
3.163500171093754646e-07
3.031606977425613958e-07
3.074912928785611919e-07
3.022062851356624127e-07
2.958438286367385920e-07
2.955274977925454613e-07
3.131630317959430596e-07
3.107968611989931317e-07
3.031854925276872947e-07
3.168526123557739884e-07
3.035991690099526324e-07
3.156140679970053596e-07
3.041368601683675586e-07
3.151120428190287308e-07
3.173084326872161508e-07
3.143211988349574102e-07
3.179279432167690106e-07
3.205605198850377636e-07
2.973759788476260308e-07
3.200525117251483607e-07
3.079331408077846568e-07
2.420693737452552349e-06
6.593164464973167680e-06
3.236525528601700668e-07
2.989303905260251182e-07
4.684542480168804919e-06
3.071988254170770882e-07
3.147253776156839222e-07
3.095570844157588537e-07
3.178444204954945661e-07
3.006137590609287941e-07
3.056696746592608757e-07
2.914909764192851387e-07
3.077245225254160700e-07
3.303497741278676347e-07
3.044384127705698555e-07
3.064361319117901287e-07
2.985588261508094758e-07
3.085001790679781036e-07
6.119187547123207334e-06
3.146333475773937435e-07
3.103139894167097119e-07
2.950367499218229253e-07
2.982343622079102573e-07
3.023938167686296408e-07
2.999896393138684182e-07
3.349919303408075945e-07
3.274507143103949389e-07
3.176003565750534797e-07
2.873127014503318962e-07
3.158525562306486797e-07
-5.144179283748126329e-07
2.961269348120428508e-07
2.937777147259334873e-07
3.121388722871382653e-07
3.177631414475040429e-07
3.159623231612846430e-07
3.036962031821045037e-07
3.173337137319205004e-07
3.113442390813475672e-07
3.046228669724476144e-07
3.105236121667002965e-07
2.988416685419988171e-07
3.099091262178181286e-07
3.204303578986397953e-07
3.066786048438775996e-07
3.073054102680997347e-07
1.433345140688405547e-07
3.053539824882349359e-07
3.107000269485522658e-07
3.223095309372731058e-07
3.002768201940530694e-07
3.010104358282197199e-07
2.950124088487110181e-07
2.987348987189553272e-07
3.481160815058723593e-06
2.936774497149620124e-07
3.215952998094899206e-07
3.045539332137743709e-07
3.376649400861351449e-07
3.116768668099829412e-07
3.286540640326128793e-07
3.031958193239207937e-07
3.727270936307963078e-07
3.135020247608686048e-07
3.201002101951063451e-07
3.215449209930451345e-07
3.138421697877913469e-07
3.212987140117823264e-07
3.304765584074722799e-07
3.306294343171541245e-07
2.964370698169049729e-07
3.264235019519850691e-07
3.298652844029230056e-07
3.139096296798975847e-07
2.978024498879572610e-07
3.014984561493405417e-07
2.937151750907777182e-07
3.060515797895719540e-07
3.349155591150651588e-07
3.066156432300375249e-07
3.135706746188838068e-07
3.024637751723150413e-07
3.058830302948777021e-07
3.177645547348456142e-07
3.035384741671204477e-07
2.987498650017613902e-07
3.158818378587921338e-07
1.114016377821288498e-06
2.960274306969358825e-07
2.973510112312553607e-07
3.145268988090444413e-07
3.173900167423321215e-07
3.004307019431003530e-07
3.113294667640926898e-07
3.228679380476232262e-07
2.993341201522013757e-07
3.134261445759442445e-07
3.121498269384046710e-07
3.165659385249724032e-07
3.053707263404871019e-07
3.100335226818887816e-07
2.940463788191697516e-07
3.129788174680823553e-07
3.084462639843056833e-07
3.188338348472259002e-07
3.083660871788808064e-07
3.491151731727828680e-07
3.109338474392982569e-07
3.321781171813224364e-07
3.297333704647286738e-07
3.081828996925520098e-07
3.038622771591176508e-07
3.333650410315008219e-07
2.987692799337096696e-07
3.152988810114233924e-07
3.169380585538990119e-07
3.000182803255584005e-07
3.056785266113912085e-07
2.937368349861170659e-07
2.966148180822081087e-07
2.967074809215741548e-07
3.064632770798607362e-07
3.084114939805864416e-07
5.416356292890527863e-06
2.949862798330233646e-07
3.161298204179186394e-07
3.107393502726261963e-07
3.041031608183011709e-07
3.081505728678305974e-07
3.013857609493236627e-07
3.108736281222110871e-07
3.228751662967853936e-07
3.159089954332580226e-07
3.282454582919030972e-07
3.092545007805571248e-07
3.002393483940532906e-07
3.163069144100472539e-07
3.065477021688311670e-07
3.198185212839007173e-07
3.360145534677341888e-07
3.349566340543250358e-07
2.934315721888725572e-07
3.121571271703855128e-07
2.992775449056409586e-07
3.095515618596387170e-07
3.176337076848477039e-07
3.015928140132802388e-07
3.096082067697562073e-07
3.230285156590124526e-07
3.065023137093891647e-07
3.204146877334249215e-07
3.102435783362523466e-07
3.226196928297819111e-07
3.176415064708679855e-07
3.519425573507288394e-07
3.141208055930897349e-07
3.039642602553283127e-07
3.088580499017374495e-07
3.252494076346276272e-07
3.072657554787064187e-07
3.198109556635371556e-07
3.106515246661624172e-07
3.228523587543173426e-07
3.048702604870780838e-07
-6.458626699529421699e-07
3.173745870321040364e-07
3.316741036228824189e-07
3.154759789078938908e-07
2.842026592979854243e-07
3.158459541231517084e-07
3.069765242060156218e-07
3.500862001337458272e-07
3.216155588103449038e-07
3.107302685733174762e-07
3.297224576614059774e-07
3.016526987065443779e-07
3.063132230728374613e-07
3.260369768570161458e-07
3.661312688950693544e-07
3.046052952040437833e-07
2.980584075106550429e-07
3.213166101738088903e-07
2.984565685208256087e-07
3.039499027495053426e-07
3.583460536400947036e-07
2.983360499304874221e-07
3.107123679109944874e-07
3.173778640285182571e-07
3.078033057394599893e-07
2.980324873495324317e-07
3.006341324764734165e-07
3.116342694602996928e-07
3.107553124766635022e-07
3.039058707803063121e-07
2.978847111565305314e-07
3.096107940667810298e-07
2.947191264251059713e-07
3.120399987859151522e-07
2.965892196344848093e-07
3.038622376021050434e-07
3.035560024427019312e-07
2.967267865319776912e-07
3.204090481422712366e-07
3.212026321028454793e-07
3.241892455911396426e-07
3.174923557408155309e-07
3.768389928849653337e-06
3.230208017380259849e-07
2.924569624136066686e-07
3.111933644672246935e-07
3.166893307398521150e-07
3.157463212950181347e-07
3.030947216284073600e-07
3.026580271417373861e-07
2.834781957010650416e-07
3.180164121259363748e-07
3.053781609083296458e-07
3.166020676239023897e-07
3.017193348394941925e-07
3.093099240001158290e-07
3.146859123020838332e-07
3.137777433788758387e-07
3.002968198132736128e-07
3.022209207721700225e-07
3.030574989946193245e-07
3.083520909660079787e-07
3.121386941133793454e-07
3.093928338828523290e-07
3.034350138189958237e-07
2.961120733166660450e-07
2.951264632297138039e-07
3.200208492129180753e-07
3.024565115172300476e-07
3.179712659140987039e-07
3.078598328659602471e-07
3.125258285149218771e-07
3.047052138710957565e-07
3.067192886516655864e-07
2.986023837533285533e-07
3.029710989895621540e-07
3.024691933699811513e-07
3.070883619021164156e-07
3.117458604317955716e-07
3.158721337663631081e-07
3.101964946725378065e-07
3.094375205535620777e-07
3.096235937683040932e-07
3.141386892125714826e-07
3.033666458140902497e-07
3.231036846903348674e-07
3.231613502910091442e-07
3.247674374360878547e-07
3.035738426242293727e-07
2.995153186945303108e-07
3.139650684478742836e-07
3.038484688320740401e-07
3.120127967613013849e-07
3.069697473329310485e-07
3.095059113211286797e-07
3.037358944067341835e-07
3.014737074155131366e-07
3.155689842611843892e-07
3.201594994929493644e-07
2.980183224267815397e-07
3.012336372180801891e-07
3.137951227132031752e-07
3.067997901523192882e-07
3.136105881277667965e-07
3.306242406147640791e-07
2.943221521525224457e-07
3.105243266763009893e-07
3.145344516474473655e-07
3.178083852135286710e-07
3.287810594496237629e-07
3.168132529949271038e-07
3.378688602830265711e-07
3.179706910174338965e-07
3.129391801884062648e-07
3.072152922707900694e-07
3.026447682493862991e-07
3.119938260102656540e-07
3.309418544725365727e-07
3.128832253754830142e-07
3.152471440289983682e-07
3.342421130129923695e-07
3.002583719053170562e-07
2.995827084223827890e-07
3.084103006891198238e-07
3.060467081197764280e-07
3.185082719032459044e-07
2.943392421988262975e-07
3.045736448053768898e-07
3.042041490908460306e-07
3.255557172234218667e-07
3.018314570131894558e-07
3.093245378321440801e-07
3.122129214379075858e-07
3.090500204747298833e-07
2.902414388569042283e-07
2.028728664207132543e-06
3.079842997991234001e-07
3.107226802122002289e-07
2.966158494357104613e-07
3.031353168543777841e-07
2.924322142890335453e-07
3.041894042874232480e-07
3.139564432765490058e-07
3.241134439036860089e-07
3.058026630088768231e-07
3.233468884699600653e-07
3.148460789155257295e-07
3.122395214240763673e-07
3.107074144065330896e-07
2.955407182257701424e-07
3.030442542884154252e-07
3.078948876822875592e-07
3.099073902761928360e-07
3.186788861908854138e-07
2.863182410917265320e-07
2.952368941855559587e-07
3.205287657251297048e-07
3.003221712832575774e-07
3.067503203316005478e-07
2.927560648030599713e-07
3.176505489366099288e-07
3.004199059592854714e-07
3.300685181743702697e-07
3.006401481569090203e-07
1.460004052271076251e-06
3.045524132480011642e-07
2.924109607379139783e-07
3.285488811733968867e-07
3.170630379422338524e-07
3.125407571811086255e-07
3.132994105831015144e-07
3.131819540118273825e-07
3.022143065310184613e-07
3.202037297085154220e-07
3.095928401656090101e-07
3.008836865227347982e-07
3.102036421798336060e-07
3.077451568724750019e-07
3.194647286484497007e-07
3.061647748860455276e-07
3.128558865285032056e-07
3.106303949330142785e-07
3.015228130032602855e-07
3.286216711028355839e-07
3.106734125940740263e-07
4.497927230675658330e-06
3.091366764343465707e-07
2.969040668107798287e-07
2.818898737830576997e-06
3.561288367345601242e-06
3.116507938902196957e-07
3.212706307980710282e-07
3.009825978402569846e-07
3.067009530111500004e-07
3.143898491921201812e-07
3.100603774492309144e-07
3.103805299707398499e-07
3.163654940491864418e-07
3.187033021157455985e-07
3.133287061505034925e-07
3.125037352120987658e-07
3.190919880021799905e-07
2.885876292858668374e-07
3.178245772587751328e-07
3.068445541596333802e-07
3.072518458226718273e-07
3.328133619325124845e-07
2.876095718491547841e-06
3.069682501425666100e-07
3.168425376407944684e-07
3.018419534709793283e-07
3.037358315471565593e-07
3.012692983545690952e-07
3.139411348442891444e-07
3.291700088597733333e-07
3.049020487207870291e-07
3.119380817954944862e-07
3.057649529579911100e-07
3.095720962055619444e-07
2.949302103002745847e-07
3.161391013439376672e-07
3.093154831821174231e-07
3.061983243228825909e-07
3.079193119304283263e-07
3.187016086722164359e-07
3.391738510187488947e-07
3.086148829769448618e-07
3.184147291596984329e-07
3.018129116183953014e-07
3.143762879479504289e-07
3.014397624888097055e-07
2.940485155684806328e-07
3.075042474952669616e-07
3.036696467991675969e-07
3.170975603191717458e-07
3.127103575973109819e-07
3.270932081524588263e-07
3.029351966439013460e-07
3.378508982154985220e-07
3.030673667133393852e-07
3.170275761519608562e-07
3.051612437996442829e-07
3.165409756615524690e-07
2.937791797501629909e-07
3.184572456169336077e-07
3.272702132270808743e-07
3.276422379498090690e-07
3.225341092927712139e-07
3.158166827615923231e-07
3.675142418228202643e-07
3.104798076814507111e-07
3.185751440827918575e-07
3.149864727716383367e-07
2.996947791013929443e-07
3.211547671060074121e-07
3.120583308192460117e-07
3.297090586167395416e-07
3.141740593614947827e-07
7.230275700266922516e-06
2.797371996532373603e-07
3.052759885488859752e-07
3.286324252484253475e-07
3.195904174626938607e-07
-1.544200115091620871e-06
3.056094351319580024e-07
3.108311561875560133e-07
3.148059083722217238e-07
2.874096969697396058e-07
2.982111054748234361e-07
3.003178786653326908e-07
2.976080302912497148e-07
3.060310780603719433e-07
3.075391626777051754e-07
3.073019180905539380e-07
3.088472752002487839e-07
3.375379899266522984e-07
2.927810373508784302e-07
3.309667480547292479e-07
3.106014180404516969e-07
3.123564509457350090e-07
3.093822274953604981e-07
3.063530761912817726e-07
6.477549051401989531e-06
3.376959631451824331e-07
3.040005605131903584e-07
3.048636860679138529e-07
3.012080327375292590e-07
3.133338292335899620e-07
3.048252585337002807e-07
3.061970992941877649e-07
2.952285246312963786e-07
3.192312201626450552e-07
3.134130971862119976e-07
2.990776194941773855e-07
3.032646131380830813e-07
2.841599862967302795e-07
3.091583949248829989e-07
3.134534827892150300e-07
2.942337803471144812e-07
3.029017936520275249e-07
2.968728303860984023e-07
3.425963989448715199e-07
3.092144933722440807e-07
3.194572273453642667e-07
3.040531568761015692e-07
3.015581116422954870e-07
2.864836637493764621e-07
3.010241118405225082e-07
3.320711915834439843e-07
3.164375756693936057e-07
2.959158324796450460e-07
3.215879761839880761e-07
3.153375400058647370e-07
2.955340935675716559e-07
3.034277509140515725e-07
3.179862140857163277e-07
2.994201553762322856e-07
3.122741688415563580e-07
3.114814410789627076e-07
3.091282681663352279e-07
3.003750610458590761e-07
3.148526722284612981e-07
3.132167546312875402e-07
3.164677071782312644e-07
3.306947861189786439e-07
3.070779931287675828e-07
3.030910346918021307e-07
3.227497085249750870e-07
2.999797679844324565e-07
3.150738459734062922e-07
3.127693402811671363e-07
3.093447330490939825e-07
3.192186063954443142e-07
3.244593677348646241e-07
3.003954147278647327e-07
3.079097727722357318e-07
6.241523632512175883e-06
3.110581618049817652e-07
3.164974773475807788e-07
3.286181008904315575e-07
3.105635273040227620e-07
3.156175921974969184e-07
2.924906666196944669e-07
3.281627974592272536e-07
3.040114034899767311e-07
3.218309155090195803e-07
3.258341073063050294e-07
3.223713276489420009e-07
3.235027693417225692e-07
3.048280355606795656e-07
3.096959397563165256e-07
3.109588276349283863e-07
3.005502859521534446e-07
3.269031574249143025e-07
3.212481482287038720e-07
3.134826358853064501e-07
3.055873128267273065e-07
3.058848971790868651e-07
3.060178313956354346e-07
3.237342955397212053e-07
2.953838026006603017e-07
3.274807863182220832e-07
3.016745221296101423e-07
3.041640247908096307e-07
3.068084416726309695e-07
3.096853154862589713e-07
3.249017384802763193e-07
3.147591063369399461e-07
3.168995508674630586e-07
3.146923325527208774e-07
3.070860525285616395e-07
2.934548081418197269e-07
3.019031523498967860e-07
3.242155978072327122e-07
3.091625412209795698e-07
2.987866563107222148e-07
3.091548142438038538e-07
3.168817598911278323e-07
3.090188857135465657e-07
3.046466530870639756e-07
3.077132871897493094e-07
3.244822377451335267e-07
3.225062720858746587e-07
3.091630893927105527e-07
3.102637325213601201e-07
3.139124187205982646e-07
3.009274248007304816e-07
3.122909560133623943e-07
2.987847949899744742e-07
3.080414560821099298e-07
2.970241730821670586e-07
3.004572123596405310e-07
3.200290520986757284e-07
3.168989210547989444e-07
3.148471973201654708e-07
2.901041605106053701e-07
3.220412533532625381e-07
3.213593435755972285e-07
2.938168950176154061e-07
3.137209134257356033e-07
3.064945723786320407e-07
3.133207435965306271e-07
3.018793685276496298e-07
3.025783689250470205e-07
3.234470971950524762e-07
3.256951291520445024e-07
3.004714356658208964e-07
2.937113864940332893e-07
3.065308069540757745e-07
2.961602949422710893e-07
3.016243295428180505e-07
3.608994411867107773e-07
3.012887641461467302e-07
3.202044124967638980e-07
3.085262349205365287e-07
3.402225675205172106e-07
3.140578270376656493e-07
2.891370772407017149e-07
1.477461523374820459e-06
3.051619979781318419e-07
3.021155291420999303e-07
3.041110816721476877e-07
3.137012419038266239e-07
2.994449018999510962e-07
8.588138923724005055e-07
3.018587889432193372e-07
3.105920671913855701e-07
2.963299065977082007e-07
2.981983628072777709e-07
3.184072010025983942e-07
3.073240598330764203e-07
3.122584395819207605e-07
2.893833241436385786e-07
3.074736411970726565e-07
2.978691763663201852e-07
3.066882781973125157e-07
3.163636004565466207e-07
3.124534000800786211e-07
2.907048400417516404e-07
3.151754799808262535e-07
4.423860698753397829e-08
3.077707418936460144e-07
3.093817360158504009e-07
3.057812129929098399e-07
3.146098181497534243e-07
3.037400249308643537e-07
3.025956672586843666e-07
2.930885993753465961e-07
1.817234379812843763e-06
3.042659311416245117e-07
2.902509280919699107e-07
3.053731851246076524e-07
3.365522817805402209e-07
3.005170825735034529e-07
3.134010955261069226e-07
3.085173047037648682e-07
3.085867701518847817e-07
2.857046884377598979e-07
3.213236265416418810e-07
3.086073502696758923e-07
3.115527324804684456e-07
3.058581550259946385e-07
2.979995259731838594e-07
3.123573283949094391e-07
3.234099402599317033e-07
3.037620223322094363e-07
3.064534176784215648e-07
4.060367014119223384e-06
3.130610208972541326e-07
3.007394567454778430e-07
3.170869682890076437e-07
4.048541477725807152e-06
3.032197245614758427e-07
3.079210316776124892e-07
3.194956774565554807e-07
2.965967393104939277e-07
2.961323538856649597e-07
3.166847179242548886e-07
5.596141505011423704e-06
3.128693580747665086e-07
3.111401623550961408e-07
3.063640435409284221e-07
3.143445396180194271e-07
2.926981055189350282e-07
3.198274327731658256e-07
3.092276743007520743e-07
2.925306351518673034e-07
3.201719694492470945e-07
3.005333149869194419e-07
3.047539618303719626e-07
3.102351566357160759e-07
-9.810115118133394024e-07
3.091816731450382461e-07
3.052976278056930100e-07
3.237138760941078582e-07
2.895313898577837891e-07
3.035268726143732735e-07
3.132158421667649051e-07
2.817987533745945753e-07
3.386839399293127824e-07
3.069380025855480788e-07
3.059302492438661759e-07
3.584989334589628570e-06
3.077566758762057743e-07
3.272856082062261760e-07
3.133798061262791678e-07
3.087801259061804305e-07
3.096822863123923007e-07
3.076585164364965721e-07
2.939480698968468936e-07
2.998972313716299810e-07
2.966136858996582908e-07
2.953477113518708958e-07
3.115897348439911865e-07
3.130222671743109080e-07
3.156481527273561558e-07
3.038886056911099829e-07
2.958643860751932113e-07
3.052560441784933650e-07
3.013993229362364895e-07
3.133110270188434763e-07
3.476474366836928965e-07
2.910020436699396376e-07
3.186446342822756633e-07
3.131732576687625819e-07
3.040913369580096631e-07
3.001201075728884917e-07
3.141233838527950472e-07
3.111403306214081969e-07
3.022601985790030146e-07
3.106534380175040118e-07
3.345039061039662188e-06
3.199078535670880861e-07
3.246792247689107912e-07
3.119706438624462570e-07
3.010704052566146354e-07
5.408354569319496185e-06
2.924867602371233201e-07
3.166573487268687700e-07
3.188427328726284555e-07
3.141975692305492562e-07
3.327907676946333835e-07
1.384606401996047460e-07
3.302556907870184162e-07
3.045065431115965096e-07
3.084525945808131114e-07
3.147170321088646269e-07
3.044208473478560208e-07
2.999766009787012724e-07
3.085525691530589017e-07
3.156524582286561407e-07
3.106538822614320000e-07
3.229045481842311418e-07
3.007326620075245528e-07
3.114520349620099600e-07
3.226370812645953399e-07
3.074895317308280756e-07
3.188232690606328867e-07
3.096217793485351422e-07
3.110600285035200356e-07
3.198418477489429987e-07
3.129490606868974358e-07
3.187923414182979893e-07
2.920226053264505381e-07
3.045922399237617167e-07
3.103220725884933860e-07
2.992129177846404315e-07
3.115832645786026704e-07
3.176048894585090840e-07
2.990749586281679745e-07
3.289283478755983464e-07
3.143978502346571298e-07
3.141040805412426883e-07
2.974489738232256438e-07
2.926030712091079592e-07
3.203571402536395620e-07
3.093688229807463477e-07
3.121798510835874039e-07
3.145678434118307023e-07
3.131983698614840026e-07
3.254178107056974615e-07
3.094268476377259009e-07
3.008844720407410153e-07
3.330176308918563219e-07
3.131671245987043153e-07
3.020013370270214201e-07
3.131671018366592919e-07
3.227299970013953489e-07
3.158980599307815463e-07
3.132434623879755828e-07
3.108366869428139425e-07
3.098753614287039413e-07
3.082782697608431882e-07
3.118052407855369546e-07
2.950820512093514403e-07
3.045398593737259884e-07
2.938681010221888392e-07
2.929521062288454878e-07
3.112718539083207101e-07
3.025823925925606869e-07
3.189376637294710363e-07
3.062374066682349676e-07
3.447239478827020373e-07
3.215008614582228679e-07
3.214317588225395717e-07
2.961805873056981158e-07
1.751656788861696833e-06
3.059364064834218045e-07
3.086471094188352361e-07
2.942112910171425804e-07
3.246976410037380175e-07
3.119275256667624553e-07
3.109559052953625011e-07
3.209026590593154728e-07
3.056157247554523338e-07
2.921118828742621821e-07
3.198525266436204201e-07
3.033506641756823093e-07
3.030342024169991147e-07
3.245156640614798659e-07
3.153327580861689837e-07
3.008037416794624721e-07
3.075633697554091033e-07
3.030452748897360201e-07
3.100912202260888410e-07
3.051355538659714987e-07
3.156496456008934117e-07
3.214493837923699887e-07
3.089393455398487382e-07
3.089185125714337230e-07
3.009836799199742273e-07
2.986521043884332158e-07
3.133823629607157368e-07
3.073046439386394148e-07
2.905904291004328334e-07
3.574895745434532653e-07
3.098072195350549001e-07
2.999061731542014261e-07
3.051707357193804152e-07
3.126292771779523962e-07
3.047058728883594609e-07
3.411861020012697501e-07
3.071429021341270068e-07
2.970879380798321206e-07
2.969303395897998523e-07
3.094786949802027424e-07
2.905008014247667021e-07
5.065671845615606274e-07
3.154680368975899892e-07
2.945745960674866281e-07
2.904864870404556346e-07
3.188582392909476669e-07
3.140673426695297277e-07
2.943274914466318639e-07
3.117348018061981221e-07
3.264242057856624334e-07
3.307688512090949577e-07
2.997072175334517065e-07
3.061247064810529490e-07
3.649920200195575771e-07
3.224501392402623846e-07
3.132576517398781869e-07
3.185153237016257103e-07
2.938625089952730347e-07
3.184670411538991420e-07
3.100688976942728769e-07
3.078983850879185944e-07
3.109600577229452359e-07
3.153504257790196241e-07
3.011492709380944606e-07
3.639976946281925917e-06
3.181482013043072394e-07
3.035827320756753330e-07
3.049236884786769973e-07
3.136210063795912193e-07
3.081488047060587846e-07
3.850547382052769046e-07
3.233781464812903402e-07
2.874603758627468295e-07
3.056965849416695437e-07
3.101337418872264107e-07
2.993842098621342144e-07
3.102740628736873299e-07
3.247331849778032729e-07
3.455449433356032349e-07
3.042635501243362967e-07
3.085393163352246600e-07
3.098565526299109629e-07
3.205052240770798813e-07
3.090849424469764202e-07
3.186470024975026725e-07
3.138587279861836990e-07
-1.108435326142557846e-06
3.052711181355289365e-07
2.931255188734705121e-07
3.224084396205301318e-07
3.097101318860822620e-07
3.076299501971707278e-07
3.459639309326243802e-07
3.368035054852463891e-07
3.117186014785135243e-07
3.147940625378601440e-07
3.053517027283022722e-07
3.001872298108204857e-07
3.136846614800453421e-07
3.477539973364185844e-07
2.850789970031131342e-07
3.113581449822633925e-07
3.085712263410052109e-07
3.084677340218157515e-07
3.154060431464958662e-07
3.432645776970373332e-07
3.021540257839011779e-07
3.265811807968318413e-07
2.449106039995718328e-07
3.004339112220817654e-07
3.037970914312399216e-07
2.880468232502032672e-07
2.941270547795891214e-07
3.185707218666660011e-07
3.127397761907960388e-07
3.123977278761779000e-07
3.024441164537390348e-07
3.169099636952605994e-07
3.128408639639655227e-07
3.370163197051717873e-07
3.118422591622441390e-07
2.935182719209782075e-07
3.165417636680170242e-07
3.008222079605242732e-07
3.120944976791860547e-07
3.037779300368727666e-07
3.095616408891023678e-07
3.147702152355860061e-07
3.087895143271713842e-07
3.159990510186646051e-07
3.057362794861427927e-07
3.153046456326014606e-07
2.901270132794979319e-07
3.485109689599713502e-07
3.046307526195832897e-07
3.167153082694480822e-07
3.056094849322215150e-07
3.021567815706809011e-07
3.177998157152295029e-07
3.311262103712207561e-07
3.173929820949552285e-07
3.114525575082680070e-07
3.086837895472974899e-07
3.217900695741599701e-07
1.370064038559038791e-07
4.017859760248446446e-06
3.149381912592132466e-07
3.014475626631224404e-07
2.965566018059890742e-07
3.072090698461946166e-07
3.216091650136993495e-07
3.054517520716707149e-07
3.107483887348787728e-07
3.098758852895505579e-07
3.238086149074354365e-07
2.986783233795064183e-07
3.071554277138397562e-07
3.023875256566186884e-07
3.214014216724668410e-07
3.039828718723027309e-07
2.954492890395496395e-07
3.058942978783348031e-07
3.156625218882329427e-07
2.596317349334105968e-06
3.187351784789916116e-07
3.212873007255659741e-07
3.033095392527427228e-07
3.100756350999148710e-07
3.025447195977225900e-07
3.148724307111813432e-07
3.405309390922784799e-07
3.124654604243499939e-07
2.960446548872024166e-07
3.188229961297706961e-07
3.176210265128914437e-07
3.044155128847116670e-07
3.044812441646699781e-07
-1.296058478064208179e-06
3.126479131048731446e-07
3.228675341859745341e-07
3.079933642217939567e-07
3.795693447764606563e-07
3.388933035233962197e-07
3.200537570442867805e-07
3.191455791007007818e-07
3.058949399679821227e-07
1.273904785527192762e-06
3.065300214078541488e-07
2.937989172701864497e-07
3.108455772747068175e-07
3.047942311892196565e-07
3.059658532054260545e-07
2.986142109267151072e-07
3.096801992810152884e-07
2.931296105973845376e-07
3.079545057053094441e-07
3.123447483167758907e-07
3.184479483848887707e-07
3.030909724726766529e-07
3.113482025823175567e-07
3.079948074804962881e-07
3.013740111819067802e-07
3.182043860041550728e-07
2.936518262038581115e-07
3.074046723036604845e-07
3.085922739736385639e-07
3.072493029630935713e-07
2.949555074856815411e-07
3.166421727102757185e-07
3.020337352081464964e-07
3.143146834965704256e-07
3.126116294069126405e-07
3.269323253589451866e-07
2.982940027889445045e-07
2.976961972910125629e-07
3.044465535351069163e-07
3.030811352217496514e-07
3.081305395611161190e-07
3.142995289169627536e-07
3.115290115935841690e-07
3.083754357983969738e-07
3.007868363106437146e-07
3.017636048440600941e-07
3.010486233992027041e-07
3.032054074880921892e-07
3.179759819092327192e-07
3.075927038277583699e-07
2.943471856770822364e-07
3.054310477403701006e-07
3.429330052468928021e-07
3.091177444971265220e-07
2.998625851833273045e-07
3.192964888132482698e-07
3.025180810415461840e-07
3.037100197313910600e-07
3.048769665305892401e-07
3.066000200403441518e-07
2.951446373509381580e-07
3.044838455411870936e-07
3.010799081172321960e-07
2.947110463618499398e-07
3.155623472428886482e-07
2.987142599931070054e-07
3.572199560647620921e-07
3.000968333849314165e-07
3.080380881906700250e-07
3.187829082110277374e-07
3.059107786639327277e-07
3.069077402719764503e-07
3.003911024757316930e-07
3.046424698595231526e-07
3.095163420637214417e-07
3.020709768120351848e-07
3.137570253019733136e-07
3.066003096862271453e-07
3.104191460234190006e-07
3.096773219831953735e-07
3.036592882062807580e-07
3.133502944037203520e-07
3.229768988729031018e-07
2.811270843219209467e-07
3.117191744911213589e-07
3.153356709021437492e-07
2.201181957075359171e-07
3.050034038423431915e-07
3.094396359795329311e-07
3.144120536606891965e-07
3.174958782448124870e-07
3.076939974489164155e-07
3.112413944976989317e-07
3.149055885958457390e-07
3.082190514501832827e-07
3.084910973173555982e-07
3.086607804637166404e-07
3.076113546584842878e-07
2.888566353427800226e-07
3.090376646010609484e-07
3.068318007656953049e-07
3.129932383223233983e-07
3.176908297286144829e-07
3.038439262442756733e-07
3.046866475717012586e-07
3.008516204461374919e-07
3.116833577349137872e-07
3.239423086202769156e-07
-2.500606640703587690e-06
2.975993545713046156e-07
3.090685850638153065e-07
3.086131033605722792e-07
3.089380389768611171e-07
3.152935728747758704e-07
3.128735486642499882e-07
3.120660385245537289e-07
3.025869059386040987e-07
2.957621313862691498e-07
3.039741068043340231e-07
3.211592337817146589e-07
3.095221771553367806e-07
3.146711600725015441e-07
3.145061200346950345e-07
3.235076011025480515e-07
4.294802668354102852e-06
2.825416013130024687e-06
-9.898382935658462817e-08
2.950676679941613148e-07
3.123139080254345568e-07
3.043044328487977157e-07
2.989196504724993105e-07
3.025865677071459317e-07
3.022261188179988023e-07
-2.515291426488495657e-06
3.076933112890587458e-07
3.016195316778006510e-07
3.214897429710447838e-07
3.107254263879410980e-07
3.214743520922644306e-07
3.106557607198639490e-07
3.192093709226604447e-07
3.000236415764849942e-07
3.107910936996189198e-07
2.912807701224724796e-07
3.005239009079809444e-07
3.187203087614971681e-07
3.126436661209388179e-07
3.100675575180773280e-07
-7.841535743492843970e-07
3.042805897837745562e-07
3.350695402815653662e-07
3.024354407623196760e-07
3.275364936750060784e-07
3.144384891021031249e-07
3.098573100129962178e-07
3.269746411131230726e-07
3.107406998626348538e-07
3.224396236550637060e-07
3.111341229526404637e-07
3.183434488441142217e-07
3.053756950675782999e-07
3.116264144049003904e-07
3.112302963079592395e-07
3.015237755790395032e-07
3.000703624284835832e-07
3.047945063195738366e-07
3.029358426233137478e-07
3.041884683831473871e-07
3.108820777318732649e-07
3.070980268129693880e-07
4.849362081527546188e-06
3.143850394186038959e-07
3.063143315119256256e-07
3.133457402825600156e-07
3.177568813910575056e-07
3.173258243372210106e-07
3.356356620403837186e-07
3.000947789602256164e-07
3.026931615354714100e-07
2.994238529595722998e-07
3.290143830449428504e-07
3.096060997722049598e-07
3.110150977309562839e-07
2.982606730882350298e-07
3.085536910664284419e-07
3.096547923911026294e-07
2.892321970025978289e-07
3.029305859359269156e-07
2.980184499261441864e-07
3.142668372493987219e-07
3.153122608584727905e-07
3.040003941703497298e-07
3.071684641956951077e-07
3.545777543533397887e-07
-1.854093646132168260e-06
2.944354427531214691e-06
2.981043827915601935e-07
3.147745780341218115e-07
3.113746884067771707e-07
3.018467246987923291e-07
2.940239146372848176e-07
3.148135036572806260e-07
3.196764880225018869e-07
2.978267484387884476e-07
3.521761145398410499e-07
3.134404856953363265e-07
3.128175310051922674e-07
2.963589990600182235e-07
2.944034996574150692e-07
3.061586053607334439e-07
3.099102160502893947e-07
3.184667060896602187e-07
3.264994526419312671e-07
2.973907106021856590e-07
3.131027361279786214e-07
3.159094480348185439e-07
3.101172718810359473e-07
3.165244973743136918e-07
3.106542906712959414e-07
3.268433649259295738e-07
3.242442967464964527e-07
3.166846607075080562e-07
3.342662469216616082e-07
3.072602895057060948e-07
2.920277907565703367e-07
3.184125767126550655e-07
2.976590499458536585e-07
2.997261479493689241e-07
2.953439791908492591e-07
3.208263171096947128e-07
3.017088692175887284e-07
3.137945873022570591e-07
3.191316500685782519e-07
3.121207618688027257e-07
3.012164075962042399e-07
2.973360186037931913e-07
3.123704868200890409e-07
3.155598384205110379e-07
3.215394275985837763e-07
2.980735352665191089e-07
3.233314181258237593e-07
3.169399397756278265e-07
3.014317785408659642e-07
3.157975902156126618e-07
3.053447921341267395e-07
3.164030906910852745e-07
3.206039856771604386e-07
3.119279099772118525e-07
3.288798340361100180e-07
3.110563061016457283e-07
3.056245690103459354e-07
3.176781565496451365e-07
3.056920544915930601e-07
3.004881013939862643e-07
3.063893550469809162e-07
3.204521332878690663e-07
3.133629978416133796e-07
3.156522896281831811e-07
3.046627498669209591e-07
3.047579023943325326e-07
3.140439190908495778e-07
3.197258500271741923e-07
2.939803996173567947e-07
3.141513761806783274e-07
3.299030788047747956e-07
-7.985400951621366409e-07
3.082588442898724334e-07
-2.041217333007963086e-06
3.358194159456156652e-07
3.109544035308404705e-07
3.049971149642838052e-07
3.214413856475885510e-07
3.425726851365318927e-07
3.171345487142138024e-07
3.131171759278405887e-07
3.144396975741562156e-07
2.997546672954357841e-07
3.470493760058196329e-07
2.988353975185125153e-07
3.053640913975662360e-07
2.376719992789728350e-06
3.071578947783883807e-07
3.123504485853826682e-07
3.298978281598334944e-07
3.140738447654565544e-07
3.012943406021064226e-07
3.214459905665695606e-07
3.429495985638253717e-07
3.299680677798014130e-07
3.130200183934285851e-07
3.038265485747613661e-07
3.085759083414990743e-07
3.113420523990836093e-07
3.110248230451363350e-07
3.070683993288407675e-07
3.050735024221608133e-07
3.073382857732089673e-07
3.079291160609767385e-07
3.055145177143766967e-07
3.028267978492631790e-07
3.071179780728999805e-07
3.147338756442036960e-07
3.124501263865210945e-07
3.161249213666853388e-07
3.192789217699272612e-07
3.416267786199636183e-07
3.075192153806642312e-07
3.121491033878050099e-07
3.067378824114527646e-07
3.385729978644711448e-07
3.004369375013201178e-07
3.030380881248271843e-07
3.094872154973384220e-07
3.042599176584541007e-07
3.046932521244663581e-07
3.176286540195625506e-07
3.119155595572970032e-07
2.947043504671235451e-07
2.977273853597122313e-07
3.198207335077462503e-07
3.158765207119668430e-07
3.080953693176992901e-07
3.031080301195663434e-07
3.146607285542227964e-07
3.073600120375405114e-07
3.095288380148561239e-07
3.125816250939302652e-07
2.936900956505181853e-07
2.910304134577246358e-07
2.949515248958732378e-07
3.167947406124752391e-07
3.273532550810565317e-07
3.068533969132499154e-07
3.130010783332631574e-07
3.201947793529626345e-07
2.911365902215414309e-07
3.095031867369817964e-07
3.073968312192987941e-07
3.133187042752614215e-07
3.046073016817800775e-07
3.112359439716349615e-07
3.057506741616113498e-07
3.115995308002613232e-07
3.057711927106970657e-07
3.166805215032336409e-07
3.105580613289509131e-07
2.821518237710017519e-07
3.167871744526898622e-07
3.252137064851883422e-07
3.131989987200256941e-07
3.137678097032632687e-07
3.093053155728451600e-07
3.074759076405134240e-07
3.087551379580837394e-07
3.345369211599276864e-07
3.132443211883228158e-07
2.994461802046864229e-07
3.092231867949628429e-07
3.106617949928777270e-07
3.016114650653449715e-07
2.926762763849089121e-07
2.949775033695755162e-07
3.199840588731360547e-07
3.138975190419926361e-07
2.910202426882035220e-07
3.030666162076133141e-07
3.065634395405085001e-07
3.315217752989211829e-07
3.255463324599352728e-07
2.704753153775976755e-07
3.215284038271205510e-07
3.051921799955248754e-07
3.176526055030393302e-07
3.074554984081523043e-07
3.006070754539660049e-07
3.087969964612420185e-07
3.111649452543931966e-07
3.149865411556122768e-07
3.210622295676873875e-07
3.079451111936366564e-07
3.128300471873276769e-07
3.237833907734508975e-07
3.188449391489019180e-07
3.137667801836768207e-07
3.406893591594052673e-07
3.103590271079222135e-07
3.302506459716538803e-07
3.339290358556928200e-07
3.156482098087685637e-07
2.983607588843172494e-07
3.160947443663613608e-07
3.028574201298003462e-07
3.113227090726284606e-07
3.124263051064003506e-07
3.273018869627176217e-07
3.092566932466443732e-07
2.992167766589824280e-07
3.232029016510790455e-07
3.305605232065188165e-07
3.070988428059901496e-07
3.160822953324617775e-07
3.226417155451592557e-07
3.120336680609889531e-07
3.165925599406715625e-07
4.900660253503211331e-06
3.026532058646197396e-07
3.151429371021653700e-07
3.034567978765507421e-07
3.114088580476917605e-07
3.311100001436339758e-07
3.037416020473893029e-07
4.875296696093000425e-06
3.205279070339620541e-07
3.204161851332560022e-07
3.016901507600438399e-07
2.936022217571314032e-07
3.124423432226214208e-07
3.077219784190978010e-07
3.240330733934423577e-07
-1.582130130391849606e-06
3.050994100242954753e-07
3.106863532363961391e-07
3.278709142584630683e-07
3.151040172040121959e-07
2.957223060959869954e-07
3.149113586127102903e-07
3.006245147807486131e-07
2.962308645343268165e-07
3.040135968105744807e-07
3.040982211568883246e-07
3.057615761429335862e-07
3.098184789989424719e-07
3.310708333228534008e-07
3.176317127591078395e-07
3.349307090021590603e-07
3.050543197012880567e-07
2.940612761230568908e-07
3.209643735183552234e-07
2.908129660410601940e-07
3.030064643969767568e-07
3.312124005887301275e-07
3.089477523408933017e-07
3.057089975163447900e-07
3.176883730147766043e-07
6.427505838772484814e-06
3.050012426653767231e-07
3.043970176861693515e-07
3.073985956112650307e-07
3.198995547884445478e-07
3.072963712117958471e-07
3.028279433866476394e-07
3.006008499039109328e-07
3.195144082947578663e-07
3.117413102663541672e-07
3.178005180052261667e-07
3.195598793581845265e-07
2.972755631045979522e-07
3.057529929590886257e-07
3.170039105730381064e-07
3.117085947177214681e-07
3.221181688024004521e-07
2.984445821593547592e-07
-1.732801584311236308e-06
3.128762398402328033e-07
3.106305836164011423e-07
3.185581252954833041e-07
3.199010335739235724e-07
3.129000013026844771e-07
3.108600803578962932e-07
3.073229110605422621e-07
3.030353030462503819e-07
3.152078554554712972e-07
3.028748241424026901e-07
3.270526110544920139e-07
3.161516320697327015e-07
2.983217563590838464e-07
3.044731375248542481e-07
2.947443027998619925e-07
3.018943516526963974e-07
2.883033672889453768e-07
3.019075383704096230e-07
3.033401541955467587e-07
3.121381145254308182e-07
3.102097722078950683e-07
3.112911787608219489e-07
3.084389044909461419e-07
3.223941632315312984e-07
3.231923431841901201e-07
2.881551623862440400e-07
2.979475664839966406e-07
3.227934390991696397e-07
3.018312840853237422e-07
3.102999047212083090e-07
3.138682247353795064e-07
3.297275245475784817e-06
3.173819707812932906e-07
3.209274834638520014e-07
3.123967598589172040e-07
3.141024622324666282e-07
3.214160407152228256e-07
3.275460150193180043e-07
2.496951633134317161e-06
2.987728200923774994e-07
3.110381336691677429e-07
3.188750439592221687e-07
3.209228670455845753e-07
3.241789488865605642e-07
3.389535867014573512e-07
3.129435211352581476e-07
3.332440261578848547e-07
3.119984213041325043e-07
3.110127404706163927e-07
2.965120807866736185e-07
3.132270258200435800e-07
3.053876995118821549e-07
3.038268569619211265e-07
3.168015323938156106e-07
3.073235714704593160e-07
3.530949890963910121e-07
3.201645866487517878e-07
3.126035077567665482e-07
2.973774238367861274e-07
2.989329440255229848e-07
2.998233471801278152e-07
-1.600562634803115089e-06
3.018028066826334644e-07
3.232773941816372060e-07
3.039991913728482855e-07
2.998542513680240532e-07
3.022869429595567350e-07
4.061866606425702042e-06
2.980991888269673936e-07
3.174562205247283722e-07
3.203345036693484502e-07
3.072547199048979705e-07
3.246407580329132890e-07
3.173522458556957224e-07
3.060615273208458724e-07
3.260295252547848496e-07
3.311336903543738288e-07
3.060279693579423451e-07
3.164224295763653628e-07
3.144456195991968274e-07
2.990595097046536950e-07
3.101737364533979734e-07
3.135939193206783817e-07
3.006103858295045104e-07
3.021627683107335431e-07
3.033846523053329789e-07
2.981105404269210306e-07
2.998917480478034247e-07
3.024764314104570419e-07
3.073345803836153759e-07
3.129119084557101844e-07
3.184364098833026679e-07
3.083320661104595936e-07
3.180879128469349637e-07
3.119050708787154753e-07
2.989164463176666883e-07
2.979767625967190203e-07
3.195356262565782738e-07
3.000400029201624228e-07
3.024363328480192996e-07
3.363278187997287188e-07
3.026764333698521576e-07
2.914230474186945666e-07
3.107996548447277662e-07
3.115424976934177528e-07
3.087771757661281840e-07
3.067742938179374668e-07
2.992125348923661218e-07
2.909368569429994114e-07
3.151425003484790071e-07
2.987820910722315758e-07
2.841089687426564483e-07
3.068663192650081100e-07
2.924801304043114616e-07
3.160038250659693370e-07
3.202829752944559150e-07
3.064131968404345624e-07
3.072461043955738664e-07
3.027517007526137152e-07
3.083781218652443401e-07
3.064377215200381291e-07
3.175005582257721224e-07
3.299491579415874725e-07
3.115113243001162670e-07
3.100357323322067636e-07
3.185780003827159378e-07
-2.023164805024515336e-06
3.081837843444750244e-07
3.098750533121761838e-07
3.178607413270140663e-07
3.050262664841662891e-07
2.876332582600562689e-07
2.074360832568521951e-06
2.922389033459357923e-07
3.112300742687925836e-07
3.188569413693080644e-07
2.792571243485016711e-07
3.097584257642960328e-07
2.992372858363825895e-07
3.100607451397074580e-07
3.151422478555914739e-07
3.181573876571699123e-07
2.963244419716120239e-07
3.019963442701021874e-07
3.082936430376550049e-07
3.169747149744640904e-07
3.013997622470640747e-07
3.073086952075002497e-07
3.137411967365725450e-07
3.019592808215202826e-07
3.148602792108723012e-07
2.986373759422209611e-07
3.250760757828673951e-07
3.044692803821749211e-07
2.979052823455372808e-07
3.176562555755574791e-07
3.082820322559077291e-07
3.431901320018386375e-07
3.040329469430822444e-07
-9.379183241507460620e-07
3.196836579825485232e-07
3.023230376825992107e-07
3.185893381524571195e-07
3.027378621549797619e-07
3.098813552657929149e-07
3.186177062024609057e-07
3.169337320817295787e-07
3.103691607581176384e-07
3.017933949787286582e-07
3.112230716878078259e-07
3.240578459260642142e-07
3.090747087735926821e-07
2.902792606297404536e-07
3.123181347636260241e-07
3.181800776046686265e-07
3.213053507155071832e-07
3.039277769596220240e-07
2.664132905493907317e-06
3.195231942513792460e-07
2.880287910723233001e-07
3.122376987506450542e-07
3.223868435365211506e-07
3.036979662031075222e-07
3.381426589721546849e-07
2.875259570755979878e-07
3.278772413098928196e-07
3.161938009851174177e-07
3.012294191365540607e-07
3.223506896866094955e-07
3.128767020140151998e-07
3.151809331256845390e-07
3.134846096152131210e-07
3.179540711209073447e-07
3.019929309170677031e-07
3.086419108225191087e-07
3.272169225311010327e-07
3.081617963991415965e-07
3.294836505188982748e-07
3.163905637227180181e-07
3.048102833999373084e-07
3.243879698110357934e-07
3.110151218901739481e-07
3.094579754938496751e-07
3.078769617615352568e-07
3.024546807660340929e-07
3.091929413979229553e-07
-1.048334671692797004e-06
3.022546674256067776e-07
3.150998668063335430e-07
3.055252038224979229e-07
2.969334537356762040e-07
3.187807219986168729e-07
3.113407886562095337e-07
3.108666890483965348e-07
3.046874630049645851e-07
3.171331696080652486e-07
3.093005208852504689e-07
3.119147492474662476e-07
3.197123692361634394e-07
3.133255037671782872e-07
3.037018908612497865e-07
3.135218888940671356e-07
3.208695817386857893e-07
3.282709572899914088e-07
3.078744401615642051e-07
3.214023025014252327e-07
3.184774204245437014e-07
3.130296760922151870e-07
3.159330849769285345e-07
2.954390148837143184e-07
3.110176068138413123e-07
3.115426733362929953e-07
3.053776224364762384e-07
3.054165239220625744e-07
2.901994524743561474e-07
3.111321287184774838e-07
3.020433542432190130e-07
3.125602283051460752e-07
3.067186131370926341e-07
3.098938440268838715e-07
2.950872027155104280e-07
3.151602355097837385e-07
3.047826687983405141e-07
3.101879993408324469e-07
3.264981775752074980e-07
2.018094450512115468e-06
3.073910713782078034e-07
3.164320033760178257e-07
3.184330388215048918e-07
3.135650677573387430e-07
3.035208974440925769e-07
3.190223948073437985e-07
3.074599812195284527e-07
3.132170895007993594e-07
3.329591079332053957e-07
3.228320843425292470e-07
3.098586350696943688e-07
3.268854495413746424e-07
3.141731427568473137e-07
2.940945696391519630e-07
3.111577157803047086e-07
3.002163686590997666e-07
3.165435251748636815e-07
3.165458503116994884e-07
3.170415058418500506e-07
3.107852986266492505e-07
3.129875218665434043e-07
3.244682632972585815e-07
3.047748666063187482e-07
3.251996725881189056e-07
3.129393331869554818e-07
3.044102248106771576e-07
3.013305643580152505e-07
3.043928312641946456e-07
3.636720094376766495e-07
2.990714131203440930e-07
3.133369123114114979e-07
3.170605368585059493e-07
3.066946442498796032e-07
3.046275782014658842e-07
-7.910607506974864863e-07
3.068558242854854422e-07
3.243064013186669679e-07
2.957238591869155807e-07
3.120259120958047891e-07
2.993995489495898394e-07
3.136924312544532262e-07
3.148516054596617409e-07
3.141849588260854093e-07
3.072541905906508515e-07
3.264506891160017705e-07
3.298516515332206993e-07
3.200159057043756561e-07
3.057496624874052965e-07
3.156726402807064687e-07
3.052287124916375372e-07
3.056755541279416140e-07
3.089977619100490802e-07
3.185966091299265841e-07
3.145136224346732062e-07
2.933458318248368534e-07
3.114591496684941724e-07
2.988112064451502717e-07
2.971794091198218019e-07
6.125583154481800747e-06
2.947506419648263366e-07
3.176858122808469916e-07
2.962565679392826915e-07
3.229272242506293553e-07
3.116978238079116811e-07
3.191364590248976902e-07
3.216207357446967130e-07
3.077204663279098548e-07
3.016461374607896496e-07
3.165673428744021450e-07
3.239070606442593172e-07
3.233942547849999191e-07
2.997605741146262654e-07
3.171434617492560177e-07
3.134283215805510540e-07
2.866988539906709561e-07
-1.147005499612926940e-06
3.115527059135400941e-07
2.951721089985553748e-07
3.168162036822491374e-07
3.014071664304596956e-07
3.085861084221114603e-07
3.713734113021507953e-07
3.172523760345836157e-07
3.338567490887073906e-07
3.120237251463997158e-07
3.063379286253604844e-07
3.041360913857225289e-07
3.201586230307671059e-07
3.055314442994316068e-07
3.106561893258219136e-07
3.067172801314160660e-07
3.077982056202004260e-07
3.228120638629279797e-07
3.085057823615919064e-07
3.155829139615709688e-07
3.066695068303906959e-07
3.038457892804416855e-07
3.054899170568681323e-07
3.217684489109719012e-07
3.053495464442227354e-07
3.072672953677946817e-07
3.144268885015567204e-07
3.047675856825151902e-07
3.004207093362249809e-07
3.080999843066599746e-07
3.163705170562449359e-07
3.042202484234623761e-07
3.265010376691129571e-07
3.134851464247194237e-07
4.959455733576597933e-07
2.942959715505326418e-07
3.003036706388228067e-07
3.347753546628045704e-07
3.073655055320627717e-07
2.978604652802635494e-07
3.182276292938360338e-07
3.067242725833924285e-07
3.153785737796546204e-07
2.963061140338533887e-07
2.961116166995211618e-07
3.196421345300709229e-07
3.123626965349850152e-07
2.898834398641679276e-07
2.939836002542510993e-07
3.219577847436496254e-07
2.973491375958816353e-07
3.100701402694926392e-07
3.045028530921869696e-07
3.192607030796239794e-07
3.323296347629593763e-07
2.835841425922588229e-07
2.349600643774457708e-06
3.192353804027782631e-07
3.094900542542346474e-07
3.045640811212525573e-07
3.031716742886261246e-07
4.234229609554258751e-06
3.255620921342282822e-07
3.313549008034961414e-07
3.594035545678896166e-07
3.114202190343154411e-07
2.865849096007730823e-07
3.293811516981896658e-07
3.112207030810455543e-07
2.947551329583580081e-07
3.160630081553642574e-07
3.033982202230054368e-07
3.176251047803410078e-07
3.141134572737637933e-07
3.154570535478967478e-07
3.141380573845815705e-07
2.996688332004161856e-07
3.864888272626555207e-06
3.166490876781435144e-07
3.122263896990206243e-07
2.101704866039644744e-06
3.249876837753867313e-07
3.115019831330638966e-07
3.086371340783753986e-07
3.246520862238197563e-07
3.150771828057585485e-07
3.828696852300032822e-07
3.332793306844607312e-07
3.085536638483914754e-07
3.069530213549364833e-07
3.149950079488202032e-07
3.122140027474152814e-07
3.096535170760100594e-07
2.962416194472201689e-07
3.118099086523919969e-07
3.061844373792294165e-07
3.116457154801612018e-07
1.747803537701670274e-06
3.201933214325314324e-07
3.068880225413757500e-07
3.019540786414820295e-07
3.038199209543647845e-07
3.213688511074433098e-07
6.240210235126517027e-06
3.076570567478330588e-07
3.068191023914412571e-07
3.259545310299061415e-07
3.019544583968317583e-07
3.049227944008414320e-07
3.077273743367105984e-07
3.071753000470197244e-07
3.138467282384047920e-07
3.007505973899544191e-07
3.000185996538391407e-07
3.005108873102484457e-07
3.093318112376903981e-07
2.977337350662337439e-07
3.052143174192625230e-07
2.997315277267872815e-07
2.929836279248969755e-07
3.022633695170907444e-07
3.162960403462253276e-07
3.124806408131444777e-07
3.113622464288196921e-07
2.778573942394077934e-06
3.048215824669447732e-07
3.015413444307158207e-07
3.139120873036825238e-07
3.274733077397608688e-07
3.075703370193664543e-07
3.087350729033736758e-07
2.986197202466597529e-07
3.015258400161550076e-07
3.071685010498537973e-07
3.011459269307661362e-07
3.052495378023555840e-07
3.036440072788660248e-07
3.039727271751403479e-07
3.256901217309520736e-07
3.142429298943822717e-07
3.053104125316206793e-07
3.118245636748967190e-07
3.092774043115370044e-07
3.294030407700831683e-07
3.055897322599049719e-07
