2.840889054188791765e-07
4.601750989306612391e-07
3.831970924637307157e-07
3.148984510732902007e-07
3.223646050979058499e-07
3.515365613841391317e-07
3.138419344389963557e-07
3.831198149762201549e-07
3.535565327752926088e-07
3.335260433694310794e-07
3.276199608449276257e-07
2.795854296173554832e-07
3.013681019711692237e-07
3.222494470018573541e-07
3.169019114297159963e-07
3.129156475260689869e-07
3.241731094988848023e-07
2.990304939598814394e-07
4.534498490410103265e-07
3.409824519125444578e-07
3.458956188288881051e-07
2.967571555193004629e-07
3.681664313749499514e-07
3.031487315386566935e-07
3.080740819112835320e-07
3.189913883598716674e-07
3.201954172909642018e-07
3.341589391057468606e-07
3.246911529295345661e-07
3.035897496703963196e-07
3.240258125851079389e-07
3.268550302375388763e-07
3.218070983182482802e-07
3.090889078336038513e-07
3.282101232247500496e-07
3.546816145695985569e-07
2.925727038914272047e-07
3.322978438436967376e-07
3.345748048012834474e-07
3.257185172905635896e-07
3.095841946910815459e-07
3.249558316545590407e-07
3.328546576803478994e-07
3.260141056028278500e-07
3.593615542294296558e-07
3.498609624823831787e-07
2.958413051469110387e-07
3.158196518882399186e-07
3.201624577663027088e-07
3.337365845784110253e-07
3.458455916918969942e-07
3.562155154707062996e-07
3.079965291590782540e-07
3.216353620308638928e-07
3.349438257704598042e-07
3.092572198017219005e-07
2.792234830216626195e-07
3.132204720864602129e-07
3.180215698322384171e-07
3.201519509299980751e-07
3.214705399938436382e-07
3.006084230071989198e-07
3.374228073699827519e-07
3.129506547840631910e-07
3.044987121897089567e-07
2.978677521655065366e-07
2.953107260874145431e-07
3.193316799826576299e-07
3.126909300255009474e-07
3.085964240100746583e-07
3.643280563045592423e-07
3.054678984578106075e-07
3.097331578301114775e-07
2.867250245240220441e-07
3.836756053976284440e-07
2.927329827470389268e-07
3.055122984000299560e-07
3.110245175580720668e-07
3.154645169870643984e-07
2.994220433871779825e-07
3.467087374163054539e-07
2.795752757361597544e-07
3.118792008173905203e-07
2.851649324602399487e-07
3.394874981250541521e-07
4.327658114417038871e-07
3.053870754786508417e-07
3.012255768543749203e-07
3.323015357802452868e-07
3.118970239350039174e-07
4.274914259682998016e-07
3.284343422071957050e-07
3.162082009388992613e-07
3.585751546631920388e-07
3.232573240849710942e-07
3.193014948376868124e-07
3.226952500089120826e-07
3.710360403871910959e-07
3.063218026881231918e-07
4.230992733995074108e-07
4.260184446663174814e-07
3.159792198298228528e-07
3.089327647288817196e-07
3.166649798835083435e-07
3.159376412003555069e-07
3.090945835183815420e-07
3.180631815146579885e-07
3.237461326101295002e-07
3.061929457415042953e-07
3.096623340711019881e-07
3.012711911532732882e-07
3.183064024420090763e-07
3.044302798566926035e-07
3.492237259905715336e-07
3.395055263451352448e-07
3.382213693608906262e-07
3.378035689475860745e-07
3.165623431916336864e-07
2.676238311050622450e-07
3.215698657358216243e-07
2.828154785245840695e-07
3.289164660723726142e-07
3.386220849628276848e-07
2.953705375373756678e-07
3.217078015599247810e-07
3.247733531559175923e-07
3.556894567273197850e-07
3.018131929369363484e-07
3.339624141020245123e-07
3.126815421560197101e-07
5.028543346550789013e-07
2.950903041202875409e-07
3.039185912683202468e-07
3.221724402104964117e-07
3.147785060305278587e-07
3.123229748518891147e-07
2.961950188007005085e-07
3.992934861574003906e-07
3.272286174373568449e-07
3.102299870440003954e-07
3.370790498701686359e-07
3.001341974690429652e-07
2.925812499668885538e-07
3.088819042919685199e-07
4.151851189614434076e-07
3.139401517000272385e-07
3.100363177182129699e-07
4.783851173401587498e-07
3.227187977838088175e-07
3.151452123915935045e-07
2.965693234245051668e-07
3.126345887185107664e-07
3.258315026387621526e-07
4.209636387004034911e-07
3.172059445528376759e-07
3.064936692124757351e-07
3.044416402921813269e-07
3.442497654579357865e-07
3.081094142854395312e-07
3.313841474820235822e-07
2.927075009744276181e-07
4.236861797836170335e-07
3.574540512782052639e-07
2.990454902730010675e-07
2.984278682130693924e-07
3.146170712393368986e-07
3.143435791152451922e-07
3.004317863771866478e-07
3.165164705302321274e-07
3.096099323040625364e-07
3.217216474431561407e-07
3.001828607340185594e-07
3.020849485311653265e-07
4.154732232224191447e-07
2.995602042578433565e-07
3.241420101554889133e-07
3.371373522657179310e-07
2.930065137575332803e-07
3.496434862449811378e-07
3.339099866983926467e-07
3.022745907663691462e-07
3.125206480479580162e-07
3.159884226466668329e-07
3.279427117617897726e-07
3.320968890950752729e-07
3.121951499677096074e-07
2.959168631778823400e-07
3.087181890465890052e-07
3.510542877165934173e-07
3.148652891382864635e-07
3.072543949488609249e-07
3.302742017956492796e-07
3.545577147372172820e-07
3.597223522765638307e-07
3.179114432022077411e-07
3.261705176108077777e-07
3.171734089610385544e-07
3.334012225546527845e-07
3.308907370965157452e-07
3.345005196055795494e-07
3.005743273089171746e-07
3.238834663318148724e-07
3.046727062538813542e-07
3.135817978552672589e-07
3.454538136470341491e-07
3.116118182467005160e-07
3.079194511119600614e-07
4.759474203343584027e-07
3.196404966561477411e-07
3.261401259718948790e-07
3.312549913072267953e-07
3.270818360417520316e-07
4.358130335727764111e-07
3.099415750181911216e-07
3.209975328640969784e-07
3.385278143709023464e-07
3.235643194009823438e-07
2.962952235407789825e-07
3.440948716824420515e-07
3.635493887904534225e-07
3.288353919892350967e-07
4.800896477183506394e-07
3.364931338750890611e-07
3.068129710242110702e-07
2.853076895896099331e-07
3.396869747097166522e-07
3.192494937937937142e-07
3.124815547855537891e-07
3.268153636969241756e-07
3.218935781421949561e-07
3.290323351213821792e-07
3.078157224252731727e-07
3.208950140853680968e-07
3.592643468414649675e-07
3.460985930133565320e-07
3.346588137599568907e-07
2.955964060186731184e-07
2.947494036791198561e-07
3.183070185828473731e-07
3.718824787131284811e-07
3.090829155341370691e-07
3.089908403225558564e-07
3.120168633215065091e-07
3.194790321552158579e-07
3.155995294364161294e-07
3.311460258402702138e-07
3.241590996804484329e-07
3.149594629952769643e-07
3.140427733663714741e-07
2.806751386551304213e-07
3.083213134135092515e-07
3.380843665594706376e-07
3.057480185085997735e-07
3.125232345823622833e-07
3.062606522520452151e-07
3.112375531237573805e-07
3.002322460276127748e-07
4.633697834728445554e-07
3.039446950545435666e-07
3.204401359720155068e-07
3.377202783308591543e-07
3.579993580056352077e-07
2.906322252686457375e-07
3.060248186541109139e-07
3.030080627072916973e-07
3.065481593653172576e-07
4.273132603704507062e-07
3.142086194781901995e-07
3.002729096240127645e-07
3.171025713715990280e-07
3.108315518601471873e-07
3.230919006470994229e-07
2.783574900196661592e-07
2.849291282128865486e-07
4.195588042421093683e-07
2.895989691697343562e-07
2.995924591431936967e-07
3.361038460445996997e-07
3.253743324287494952e-07
2.804568213491394308e-07
3.056950049089083070e-07
3.234386467279104174e-07
3.339225888475911216e-07
3.299332831906917743e-07
3.247380307274051959e-07
2.863925170814467017e-07
3.215778717097123939e-07
3.009117725648359617e-07
3.057827395458869120e-07
3.031022599339875991e-07
3.362294495755822342e-07
3.033239224378097097e-07
2.938804328404337273e-07
3.161931164341058165e-07
3.248640086595766605e-07
4.373724417310646792e-07
3.144035255581295816e-07
3.298000102656587400e-07
3.169368804142414521e-07
3.301493805077611555e-07
3.147243345562151965e-07
3.241454528174113253e-07
2.884632427133967028e-07
3.209172785502335193e-07
3.193713185848400364e-07
3.015070184968093746e-07
3.216768199942779331e-07
2.997028926616730471e-07
2.738659943481859460e-07
3.097026968703205428e-07
2.977653495854556887e-07
3.016932090274221002e-07
3.270029470401349088e-07
3.192627826363308495e-07
4.248986026786235380e-07
3.293508652707518405e-07
2.985769739652553429e-07
2.963099954010231095e-07
2.841036035224000561e-07
3.114211114600790467e-07
2.956945845021386821e-07
3.015929666118697626e-07
3.251200226442051006e-07
3.124507352734606047e-07
3.625427221658904399e-07
3.057359091189010519e-07
3.145434657557523678e-07
3.544658402624722379e-07
3.327205211275625413e-07
4.105101340921417769e-07
3.225642095777452579e-07
2.913243606210803218e-07
3.068447899868262272e-07
3.179945037739155082e-07
3.238748563815307847e-07
3.681057316981870282e-07
3.095435055406376383e-07
3.279474955790937553e-07
3.218962413986873042e-07
5.522301639402177133e-07
3.304712015593976409e-07
3.284708190292362244e-07
2.921073906068811552e-07
3.270261064509636171e-07
3.444467675063516528e-07
3.951607318374164275e-07
3.132374150065269291e-07
3.526637034226696742e-07
3.076448961867118890e-07
3.455792384258984793e-07
3.065267673864329520e-07
3.419366862411840546e-07
3.096522922938319966e-07
3.254016731533129860e-07
3.130733083503440693e-07
3.296762447650067053e-07
3.388194178931510477e-07
3.338369697007584506e-07
2.952600501081852526e-07
3.499399155912906501e-07
3.384145988316620794e-07
3.095124910503903673e-07
3.220215341447114765e-07
3.169025152824031171e-07
3.170482622109838290e-07
3.918369982658970981e-07
2.843862596014063126e-07
2.984306841384142354e-07
3.327796966125451654e-07
3.569633240479575519e-07
3.180413501994985810e-07
3.498124877822218530e-07
3.397910533975839334e-07
3.196946296015371590e-07
3.036587682492524530e-07
3.157398870803650640e-07
3.067579917399938637e-07
4.765362696125026228e-07
3.296618952341953923e-07
3.141470169988195233e-07
3.200342843976809266e-07
3.211321989181050964e-07
3.081006387819255986e-07
3.826962372791201869e-07
3.837839567220089948e-07
2.713515330702678484e-07
3.448847569870455835e-07
3.118245576624941232e-07
3.144385418393236273e-07
2.995793912955783948e-07
3.064037777554473844e-07
5.039845032578429369e-07
3.161996998960175566e-07
3.449824556818472499e-07
3.179870850075751922e-07
3.362992536575017588e-07
3.207612670838904725e-07
3.716606783397564082e-07
3.063352706890841426e-07
3.256459386790279226e-07
3.657311417707869486e-07
3.007669880781734568e-07
3.002087392395630905e-07
3.334188456411052845e-07
3.163549412370184804e-07
3.901046190950399082e-07
2.949260000306908657e-07
2.927117228229240386e-07
3.056251675782299621e-07
3.109061171914042128e-07
3.225492529543342070e-07
3.220087032044393590e-07
3.238779211572152854e-07
4.201125088091479296e-07
2.881289515533795215e-07
3.130327565093979213e-07
2.901252311668071808e-07
3.271073633716649667e-07
2.956087447623928968e-07
4.084825898797992889e-07
3.114668398397907533e-07
3.316187609693635657e-07
3.189208386283792489e-07
2.747771413484626126e-07
4.521415525493003791e-07
3.387610511430271759e-07
3.584431217910388461e-07
3.736856077813289248e-07
3.508977900756494414e-07
3.484298792159783552e-07
2.903635650468891786e-07
3.071298159645576456e-07
3.189795013252274103e-07
3.265383065078229404e-07
3.087236587675734837e-07
3.263789338902533152e-07
2.833223487141145975e-07
3.218319771675955160e-07
2.897589182432324603e-07
3.041252339795140651e-07
3.244060257636075188e-07
3.083195811469555175e-07
3.898149839830562127e-07
3.328941981152665131e-07
3.575373301333043114e-07
3.227681020606648387e-07
3.158824196313290527e-07
3.057474898055637942e-07
3.289102152930490318e-07
3.119878723154182742e-07
2.850092798704749688e-07
2.947564661770295341e-07
3.255834971133853796e-07
2.759862976199313299e-07
3.154750141501870765e-07
3.209771188726613922e-07
3.053602287884453286e-07
3.258854234683817793e-07
3.211788896564420783e-07
3.175122740336275580e-07
3.822404968077852649e-07
3.403445897630374670e-07
3.064232915617023158e-07
3.240912152785325431e-07
3.457289055290966535e-07
3.201054035573829100e-07
3.412805686933313463e-07
3.490821618218455263e-07
3.407150963523590305e-07
2.882007945704881992e-07
3.159312187176596977e-07
2.894347471103782194e-07
3.109818556667247279e-07
3.004053518544022382e-07
3.149150452901875476e-07
3.387478481948297686e-07
3.472579255038959209e-07
3.250913684131882773e-07
2.894297333173552428e-07
3.130501259060541939e-07
3.343674441695480852e-07
3.009970521639862224e-07
4.590677824421192710e-07
3.066616012955886163e-07
3.810551725374015441e-07
2.951854914746372813e-07
3.154990219300347994e-07
3.273473702677012343e-07
3.129420866853366257e-07
3.057602125831334610e-07
3.813872090563934845e-07
2.978062054011571224e-07
4.648594045822589217e-07
2.932395403975221140e-07
3.136314453625161095e-07
3.077890626374385792e-07
3.620037193277874337e-07
3.168850827948079411e-07
3.065018177400527110e-07
3.104701261856472093e-07
3.219612606519571008e-07
3.406858134996364865e-07
4.071326008552415717e-07
2.991162822462202557e-07
2.983497787811172239e-07
3.405894322826352659e-07
2.981493603572709937e-07
3.254055981820204121e-07
2.999764255372841343e-07
2.920683255984798701e-07
3.227036451165113258e-07
2.868204875557432300e-07
3.269330642654481884e-07
3.313417274839805100e-07
2.945551733907391293e-07
2.970586820817162045e-07
2.946435488028198418e-07
3.172044341342485799e-07
2.953931197243579448e-07
3.160081330371915086e-07
3.214047758703644329e-07
4.073232151570846287e-07
3.308081776364320620e-07
2.736748291843922787e-07
3.092486432178451155e-07
3.411872747260180493e-07
2.955846973052366296e-07
3.247771378899330131e-07
3.050684230310137027e-07
2.998199966058294425e-07
3.354807319627399658e-07
3.259377678618494777e-07
3.465316484714559073e-07
3.245636570349735341e-07
3.280519744061104660e-07
3.339403287740800210e-07
2.979641340920215173e-07
4.064531361870144824e-07
3.500376989058875398e-07
3.220968712707955175e-07
4.912856160868872429e-07
3.020878446410617866e-07
3.023292501657563676e-07
3.209561143361738462e-07
3.279224209264724398e-07
3.121224067640096474e-07
3.457171302987042826e-07
3.137114373539156633e-07
3.078184500001508795e-07
3.403236635667042359e-07
3.324897049059622136e-07
2.964704842365104082e-07
2.904316265167782516e-07
3.558472849989073258e-07
2.983577403837953801e-07
2.951655120962300243e-07
3.073239801885445179e-07
3.450654197554344977e-07
3.154687954210130958e-07
2.962476718597051867e-07
3.221819844583799668e-07
2.861317268581816440e-07
3.065369910073501625e-07
3.011632315850339032e-07
3.254492512419636190e-07
3.088341341934435921e-07
5.584182131181887534e-07
3.261279915965675158e-07
3.264053450223482473e-07
3.046907735365538233e-07
3.318864818183881815e-07
3.172762198944780571e-07
3.013183487856278665e-07
3.137977103698316532e-07
3.299328292083633111e-07
3.366952076946560295e-07
3.214196125904594124e-07
3.050181486484298397e-07
3.113637296152947692e-07
3.250910470302135536e-07
3.565431567861570618e-07
3.229888662321302509e-07
3.129276781579246124e-07
3.441144987693223199e-07
2.900214895357066232e-07
3.044915556467753779e-07
4.463085683479526885e-07
3.146006556987160671e-07
3.558725837198943301e-07
3.338428370693874548e-07
3.312352624380114426e-07
3.404358404577001232e-07
3.129173102059933918e-07
3.430233626718665636e-07
3.762578483696300750e-07
3.038650594725793786e-07
3.453050954852989587e-07
3.277966570254434472e-07
3.036712607161200183e-07
3.087012927006081415e-07
3.287650000560512600e-07
3.371045688880233280e-07
3.429055572404765394e-07
3.188141775880206403e-07
3.188405437352159949e-07
3.185390208204828426e-07
2.957055271723622770e-07
3.313422914348031878e-07
3.345066672746225095e-07
3.365846691347752335e-07
3.555928861858081218e-07
3.075514333617041728e-07
3.127456365810821677e-07
3.436759844613315263e-07
3.517611268811317172e-07
3.029055258408247484e-07
3.113192634361226907e-07
3.091409758284245505e-07
2.889270920770263902e-07
3.315436961879486467e-07
3.312241507117979334e-07
3.307082599474976844e-07
3.102983574250073988e-07
3.264943988195571834e-07
3.311066817637733498e-07
3.746946931982484377e-07
3.037547210538406728e-07
3.385147844809721161e-07
3.100271245247603371e-07
3.342777058994870896e-07
4.282082119162098267e-07
3.302345723499321023e-07
2.707858764188757129e-07
2.888469658739314292e-07
3.270672196297249507e-07
3.257707407011999423e-07
3.121369993073159485e-07
3.034872789597179744e-07
3.417399917705953262e-07
3.817433525912603495e-07
2.982820933887454703e-07
3.488933314435469590e-07
3.057800714336029108e-07
3.194244459191992163e-07
3.386215449218043438e-07
3.385871014225927135e-07
3.243792240203355019e-07
3.445654354071824276e-07
3.568264944942903516e-07
3.269143038743080424e-07
5.104685372661450886e-07
3.024532510788673957e-07
3.233624291153550101e-07
3.237083924751249422e-07
4.837207536027886922e-07
3.591198902488265430e-07
3.712320526478514575e-07
3.562056691206483527e-07
3.826712847907158678e-07
3.063654593874801995e-07
3.143438531645846377e-07
3.157598405627363095e-07
3.020309178821653888e-07
2.994644009119987687e-07
3.156214106754249152e-07
3.226606966738508033e-07
3.125135879330203695e-07
3.061095878704053029e-07
3.283587702570984234e-07
3.010432868162406622e-07
3.216468023450856875e-07
2.966075077976673011e-07
3.480784350305052214e-07
3.145849770287400431e-07
2.941048019159221020e-07
4.190142449203180071e-07
3.124348753432300336e-07
3.118518888170603121e-07
3.202318675399751385e-07
3.068115343934549419e-07
3.151807407550734173e-07
3.090396011201224027e-07
2.975125025221699166e-07
4.013842962538780399e-07
2.904559169089684497e-07
3.348962234594376833e-07
2.843445166538593948e-07
2.763134545731403437e-07
3.213531770320596007e-07
2.716597558607719242e-07
3.043269808335761641e-07
3.337406440240995460e-07
3.085923398465091636e-07
3.401814074998798700e-07
3.099004465732628648e-07
3.130296723550603487e-07
3.117727352172918635e-07
3.382592865635906465e-07
2.946484879861095356e-07
3.348595794999516451e-07
3.058380922595108888e-07
3.258483907835379869e-07
3.143550774301048013e-07
3.186706623189801142e-07
3.172541801792347468e-07
3.136633762569184685e-07
3.229576089231691720e-07
3.274943003096359219e-07
2.916180449716065711e-07
3.174795749973026251e-07
3.453735284931317967e-07
3.113792914898609069e-07
3.053599338787649698e-07
3.002810241273585985e-07
3.256954918511345589e-07
3.054272769640578227e-07
3.715608892550455069e-07
3.214567236379957431e-07
3.129518472708632260e-07
3.304715460877477068e-07
2.970448665779941480e-07
4.725220961039174746e-07
3.374070463295532359e-07
3.587927700088431182e-07
3.439202487304785914e-07
3.020776678832648046e-07
2.906063927998137400e-07
3.015565026428944319e-07
3.245870049544434562e-07
2.988387152610395585e-07
3.730462549129948826e-07
3.101411106035589378e-07
3.184338495477826782e-07
3.031265492145378981e-07
3.358881611355430310e-07
3.302565475470149511e-07
2.813042307588304563e-07
2.875020231707165589e-07
3.067014476406479911e-07
3.150903619513392681e-07
3.195071774956537273e-07
2.809260641727006784e-07
3.324760784452330588e-07
3.206441096779725502e-07
3.037524268451974427e-07
3.421010933665140353e-07
2.982059601032668464e-07
3.859157424365790088e-07
3.006371267452459256e-07
3.499765652072518575e-07
3.070688547813099484e-07
3.578637718301339755e-07
3.542559448395802232e-07
3.318779324031031852e-07
3.247621674276439893e-07
3.219627350738664354e-07
3.118490329033337572e-07
3.203915730415172280e-07
3.043002391283388441e-07
3.213913737592254345e-07
3.275988678191507549e-07
3.516002995759472236e-07
3.259167241778701666e-07
2.906775042318452572e-07
3.160836795275693495e-07
4.283392944139737105e-07
3.127167066616372602e-07
2.942711497370749281e-07
3.077242602835805957e-07
3.536942971416464173e-07
2.903136243432043308e-07
3.434676258995762060e-07
3.321502613050735407e-07
3.295908530783324415e-07
3.177620863581594158e-07
3.202016020061075407e-07
3.463000921771630689e-07
3.136727424585657668e-07
3.063951978893090879e-07
3.392350350225003197e-07
3.196015145615738602e-07
3.148345462357948025e-07
3.789572533738444907e-07
3.192928061588853915e-07
2.978585552570865641e-07
3.906046583752507623e-07
3.625934846305362015e-07
3.452494548022715731e-07
3.101257731665295933e-07
3.219420369003643222e-07
3.085224786123791997e-07
3.418861801603735252e-07
2.989934554448795896e-07
3.146033563954420124e-07
3.221552759067763319e-07
3.104351704904572440e-07
2.891611286801976244e-07
4.362766523709017693e-07
3.062250006451308164e-07
3.340782496443693417e-07
3.006991114050476519e-07
3.374200613716554747e-07
3.128175586263417955e-07
3.164426493850571220e-07
3.648866227393814742e-07
3.077244724250257025e-07
3.002963700262933552e-07
3.311417870594984627e-07
3.244292524416758944e-07
3.374519831796217945e-07
3.097078893138578982e-07
3.341422353696867431e-07
5.218370910435082729e-07
3.560983004606344035e-07
3.136828247786913783e-07
3.320973556886116900e-07
3.470065375923667407e-07
3.246180823317154483e-07
3.691849687172829017e-07
3.670395439056085244e-07
2.953911335977554197e-07
3.076452981432547337e-07
3.267315052497984548e-07
3.908264740618856373e-07
3.152075159396208616e-07
3.199582814791395116e-07
2.993565462487849778e-07
3.249902249460342829e-07
2.956581791547304205e-07
3.082574003366128790e-07
3.682113166452874826e-07
3.365683736680599972e-07
3.606502741010504795e-07
3.573504484460968277e-07
3.473289119419124901e-07
3.362978892867649953e-07
3.055818139445245068e-07
3.154044185610007379e-07
3.041806437711093256e-07
2.795117579973990438e-07
3.211347819027595588e-07
3.868931426911931864e-07
3.336765508429655872e-07
3.286661879970422471e-07
3.251165343116276193e-07
3.413618954961925086e-07
3.069924657233212108e-07
4.494570815556790262e-07
3.030866972243607425e-07
3.548175430435270953e-07
3.354405466509901495e-07
2.980208354562510439e-07
3.222487360757429942e-07
3.556394777239322021e-07
3.242701268302956937e-07
3.084193341718287044e-07
3.129215058873133134e-07
3.033744066092302383e-07
3.112994496701089946e-07
2.979838463331582816e-07
3.159372493257280372e-07
3.006984192366027404e-07
3.065990611227781546e-07
2.826777610764129780e-07
3.057896628852055246e-07
3.047878207219462961e-07
3.274019113097429855e-07
3.156537144854294703e-07
3.156255224976130993e-07
3.537318136794365108e-07
3.132150686920160159e-07
3.445944664661639917e-07
2.801181847656171725e-07
2.901106937201004752e-07
3.058202903788305239e-07
2.971540019921989812e-07
3.119073940088827434e-07
3.016131555084533066e-07
3.120363239926806160e-07
3.039526160165672551e-07
3.191460258583293782e-07
3.078852495297541620e-07
2.498351933919849298e-07
3.714166763490438405e-07
3.319323971113246881e-07
2.972293962833791090e-07
3.682749784008684605e-07
3.314091244904334790e-07
3.065005739827501369e-07
2.991029388557810920e-07
3.302355470961257104e-07
3.455339169009531211e-07
3.107531335073812945e-07
3.014907096105329437e-07
3.254504155983023733e-07
3.243055548319309743e-07
4.471252202560135701e-07
3.479954253024883497e-07
3.137411436641483358e-07
3.389694876858009296e-07
3.090900023930006072e-07
3.218360779475178808e-07
3.052110813120398126e-07
3.113966513611952010e-07
3.006118943942129765e-07
3.046360339426203667e-07
3.049726895152072317e-07
3.051609623436845281e-07
2.990561507008844956e-07
3.404724849965593973e-07
2.948661430754065034e-07
3.950435605044312735e-07
3.086393147832248330e-07
3.326439206622345763e-07
3.223779069811369304e-07
2.996036345845949919e-07
3.159636621330050054e-07
3.199682978646035230e-07
5.511129729877694276e-07
3.348916468834740434e-07
3.376801359254657136e-07
3.350063298641670519e-07
3.281466920816799178e-07
3.107482351584901908e-07
3.562930237422377964e-07
3.367327247882173681e-07
3.239278747235327180e-07
2.940506255912461562e-07
3.441502975633121015e-07
3.464490797511632465e-07
2.925498989931781687e-07
2.864945657643323122e-07
3.261681972634184448e-07
2.928285980987195778e-07
3.211220615998632984e-07
3.147604955482224773e-07
3.168738015692344386e-07
3.017435489654926292e-07
3.312968296547323744e-07
3.145737028430995638e-07
3.292474014182170208e-07
3.059704873679137362e-07
3.321903463158722939e-07
2.879801653331905526e-07
3.199524982809384999e-07
3.024576003114798483e-07
3.211297091837034675e-07
3.312670821669222193e-07
3.280972827648985118e-07
3.184628938744605821e-07
3.320396613971814667e-07
2.972816236972572831e-07
3.506145607768787258e-07
3.250053481314719899e-07
3.060071245117973393e-07
2.874968974381481939e-07
2.922771831779134135e-07
3.307178674476523378e-07
2.987119580334026002e-07
3.364483275941583460e-07
3.468379260180111446e-07
3.176702734866865458e-07
2.984331821942434563e-07
3.319188968613900919e-07
3.712210145163578330e-07
3.406786116637376061e-07
3.483278206022598307e-07
2.918974933617901369e-07
3.404729249727407858e-07
3.139412825121163407e-07
3.383871255784998933e-07
3.429358447632372857e-07
3.268756492920731255e-07
3.807188781309298434e-07
3.108736575038424690e-07
3.755479640376971722e-07
3.226321946249806023e-07
3.054377164748079587e-07
3.032563485900468743e-07
4.525006674942399590e-07
3.220263315109086852e-07
3.584470581089323600e-07
3.025960867683009828e-07
3.178483939011138284e-07
3.112038414005062322e-07
3.291428472471075146e-07
3.191984778454527349e-07
3.360406029584834746e-07
3.351120273268649672e-07
4.496005561973592138e-07
3.450553452536960516e-07
3.161782076828130289e-07
3.353162924786006245e-07
3.098115208143956041e-07
3.607921084663506787e-07
3.516878174805737944e-07
3.094821472967358597e-07
3.698655329701731225e-07
3.067569579209841130e-07
3.496822332816033484e-07
3.084204914717554096e-07
3.169032234398064298e-07
3.167305113917674606e-07
2.954207559983374568e-07
4.680384990319026048e-07
2.922411684445617782e-07
3.071182380429085987e-07
3.041405200505666520e-07
3.078482319095694781e-07
3.249668472954277030e-07
4.492780640164105506e-07
3.416890834566976062e-07
3.180485982159908230e-07
3.002703618234975155e-07
4.982157398137349956e-07
3.636402031038230395e-07
3.598012055404896154e-07
3.172659484523236408e-07
3.128005074210848882e-07
3.287312528386945910e-07
3.125231939759019004e-07
3.325182136407903691e-07
3.378238471619148169e-07
3.043280182577604733e-07
3.110961618515891080e-07
3.034079812287297827e-07
3.131641932916736741e-07
3.290367237278142358e-07
3.514925850722750843e-07
3.133837487313248665e-07
3.023431421561116746e-07
3.128600462181903057e-07
3.160153346833898430e-07
3.154447621179675361e-07
6.924103838566773530e-06
3.505611573251867468e-07
3.329784955767481231e-07
3.156457401527716063e-07
3.323876283882851958e-07
3.167147840336715430e-07
3.213362730500086901e-07
3.194943859541617394e-07
3.000516160047178436e-07
3.130279646659365792e-07
3.285289359675182413e-07
2.915102480963906494e-07
2.818029550242463920e-07
3.067003544047740437e-07
2.717646153306676915e-07
2.986665499978411172e-07
3.486225766213108775e-07
3.174471417800860362e-07
3.439674782300593753e-07
2.812408969010386729e-07
3.125615686070841945e-07
3.891188046323313592e-07
3.185951986390957343e-07
3.272475235512247792e-07
3.464273325505458152e-07
2.835338622053687814e-07
3.244130255387893389e-07
3.283294919728712679e-07
3.383780084812640732e-07
3.086383252768950721e-07
4.207626513603021385e-07
3.189683115745884702e-07
3.621987611516916956e-07
2.992880137421722475e-07
3.601243147347040469e-07
2.916599871988685774e-07
3.397339668069303038e-07
3.696831153142560354e-07
3.338656550591007437e-07
3.077319284215233216e-07
3.178150182984618030e-07
3.561442534999635072e-07
3.176489102744034226e-07
3.543161534364469414e-07
3.074228757060666893e-07
3.249045732219679711e-07
3.044822141797782118e-07
3.228963468817625085e-07
2.988695115737966374e-07
3.328878705046901433e-07
3.062232713454462994e-07
3.529789516760109946e-07
3.233404312040573944e-07
3.706102431590722475e-07
3.276949161073238226e-07
3.305206319636998610e-07
3.130402604852594509e-07
3.069340618103925489e-07
2.913879578645646941e-07
5.008187709764493566e-07
3.190380897495506581e-07
4.394803677428144599e-07
3.075020764984814114e-07
2.997841165778986608e-07
2.738598935324160859e-07
3.163136155693211144e-07
3.436245048770540007e-07
3.187061277664929313e-07
4.383926904820549345e-07
2.912692417352767832e-07
3.244823237917279564e-07
3.467860274074802187e-07
3.833367519596226413e-07
3.230561685595913158e-07
3.380989680853886555e-07
3.127215632416758267e-07
2.672203191043651784e-07
3.384582588765779943e-07
2.829317661403208612e-07
3.374982563829758071e-07
2.951493448385042207e-07
2.840278528849425154e-07
3.120369802640192536e-07
3.208779029190600349e-07
3.209171662200790990e-07
3.036300754611219113e-07
3.282167749288191210e-07
3.265296678102228634e-07
3.042764669119999118e-07
2.822601496989570285e-07
3.235277947431815504e-07
3.151230409762514712e-07
-2.513158308815187780e-06
3.088109820552368044e-07
3.490076136031786169e-07
2.952878355220397732e-07
3.029384574948055187e-07
3.270334303013369331e-07
3.091642501785443364e-07
3.090403121248076976e-07
3.833469458929008241e-07
3.411053837563499663e-07
3.075191120889486222e-07
3.297016142415968510e-07
3.313991236571582943e-07
3.052916036502188011e-07
3.226279391812011652e-07
3.241955536267210209e-07
3.691206521188423706e-07
3.414112951412251916e-07
5.063601450104646545e-07
3.323278706708379856e-07
4.140275949339090036e-07
3.185187163075338639e-07
2.920869570618130662e-07
2.793230927889507685e-07
2.695606865489108474e-07
2.935218666050509766e-07
2.977998151483750232e-07
2.756462670172725581e-07
2.888212376663502337e-07
3.066165380732228916e-07
3.145006397647096619e-07
3.405721322993173458e-07
3.021205487743856684e-07
3.639076338610757715e-07
3.129148814703498633e-07
3.429921297615255236e-07
3.542273087244954883e-07
3.105390795833938044e-07
3.666561616488950262e-07
3.305342501234175119e-07
3.527117353459538060e-07
3.417244444188405267e-07
3.166354057020180110e-07
2.997571538300744224e-07
3.207265918304934205e-07
3.406204325304451924e-07
3.178189918171255530e-07
3.303895290590064537e-07
3.238193080193183615e-07
3.115284199913337646e-07
2.993248051943588790e-07
3.835737454998196555e-07
3.132978042585211865e-07
3.069852324827483099e-07
3.177331109626679586e-07
3.259023144251770848e-07
3.281660770709519960e-07
3.126092493643122259e-07
3.405245007229199091e-07
3.752181176037805890e-07
3.178791406355005395e-07
3.825639188955755359e-07
3.976780125414488574e-07
3.243369404441959048e-07
3.117184606676197887e-07
2.925727284489114492e-07
3.094589815903142834e-07
3.426792426323182994e-07
3.120394002206448045e-07
2.983118477477890670e-07
3.005305726213985262e-07
3.097364946418881388e-07
3.145251499985844298e-07
3.095107377757541157e-07
3.348799805617989683e-07
3.067277827441758790e-07
4.404615232574066230e-07
3.015787731974225488e-07
3.221272278953776036e-07
3.248774959153061324e-07
3.028518932369233474e-07
2.991365779328085737e-07
3.465329832132515970e-07
2.928376018708292791e-07
3.213763088107950621e-07
3.194982278808377108e-07
3.536729690582367312e-07
3.164341270026709833e-07
3.067974032688826387e-07
3.378172912061696294e-07
3.703659126684410210e-07
3.485828769195522211e-07
3.042018287974928998e-07
3.165765001254374293e-07
3.028347569910946829e-07
3.309618662897300411e-07
3.196507224219864728e-07
3.057241743884048017e-07
3.157604571398191793e-07
3.108240601668411752e-07
3.181342674793249574e-07
3.792791828324986455e-07
3.466424597692002664e-07
3.198035821018968611e-07
3.262041223971061648e-07
3.143907412584801898e-07
3.432850564846372175e-07
3.146703177590109607e-07
3.563197861302821591e-07
3.509736973967276697e-07
2.958011081910824116e-07
3.277721573556257429e-07
2.902970945470716796e-07
3.149270055567095093e-07
3.110520699775674052e-07
3.298716893145722218e-07
3.712521052715184280e-07
3.061542494870740471e-07
3.205924467253660541e-07
3.315884941886635225e-07
3.041697829053873299e-07
3.089704996413240644e-07
3.224290263221036771e-07
3.161048288289415630e-07
3.635892495172200931e-07
2.901607858907096066e-07
3.217473464685778193e-07
2.992600044269359545e-07
2.906212312969621376e-07
4.235111472053810748e-07
3.278382565484169637e-07
3.012154231720565983e-07
2.884763864521926872e-07
3.131997214250905975e-07
3.491803416684728170e-07
3.901040123942162549e-07
3.076120841980709542e-07
4.235633377885949239e-07
3.054972661136108993e-07
3.260367217176135030e-07
3.119653925265642989e-07
3.145096137711613484e-07
2.971977469852224722e-07
3.078147129839325245e-07
3.139230403151200899e-07
3.255619597363524464e-07
2.997172984640127272e-07
3.037941240106843415e-07
3.261348990375026544e-07
3.285512838434526540e-07
3.380970905905350874e-07
3.278037068471149049e-07
3.609379614875296287e-07
3.139176509138464229e-07
3.099547309027943952e-07
3.150984154586377718e-07
3.377692811271993336e-07
2.932270521907602231e-07
3.047631852692859056e-07
3.217031882201188218e-07
2.757134167254746953e-07
3.328266201341754892e-07
3.234689964656750851e-07
3.157047717875078625e-07
3.041675757919417072e-07
3.192429556763966422e-07
2.944633600896303961e-07
3.088027968924366564e-07
3.212808691695703891e-07
3.253214329568506735e-07
2.574359883690858843e-07
3.256410215938754400e-07
3.179766885469227640e-07
4.956450732874463372e-07
3.160188637545359419e-07
3.112229643565499516e-07
3.663050254026032912e-07
3.354242666306206203e-07
3.110409933411212512e-07
3.234120660735869789e-07
3.156114948513135589e-07
3.251629359544991280e-07
3.071525060753000964e-07
3.469291282044565583e-07
3.246818465576851086e-07
3.073879149274292962e-07
3.135323218913775352e-07
3.177785495951325036e-07
3.144194327827361949e-07
3.741134646755161062e-07
3.001937210930146881e-07
3.542812167714942153e-07
3.857563751841108834e-07
3.452111708862448168e-07
3.518401712656250234e-07
4.008101114068617737e-07
2.983964815258365897e-07
2.742242304043426866e-07
3.736013064572179919e-07
3.190987455479576761e-07
3.259655148933722993e-07
3.222757175934942007e-07
3.711976370736069974e-07
3.434525974836126860e-07
3.513409305477600672e-07
3.261594231709226477e-07
3.457250716666522254e-07
3.771538645864581369e-07
4.722554194499562634e-07
2.698424932963915754e-07
3.049992535573791600e-07
3.299454033820902232e-07
2.983703675238310079e-07
3.146046180884889970e-07
2.956740755224170582e-07
3.578550698145135089e-07
3.884523582043153499e-07
3.583985033886862165e-07
4.579517055808630994e-07
2.900078955813866611e-07
3.104660886937032521e-07
3.164771026702608852e-07
2.993718879845709570e-07
3.084689660503607839e-07
2.921829508525230116e-07
3.147501943829246415e-07
3.383446201299244527e-07
2.843698568783284374e-07
3.413215627311863587e-07
3.315350805767467020e-07
3.154168866228017612e-07
3.129883331017516726e-07
3.959220560463795616e-07
3.090276693883178308e-07
3.001056537512577798e-07
3.449978479685237870e-07
2.849461011351947286e-07
3.079700870036410990e-07
3.120696792843385460e-07
2.816195637083801715e-07
3.111951400810654801e-07
3.219411529094583022e-07
3.623762677028705379e-07
3.068206289499404546e-07
3.195931631869922152e-07
3.659504621340639805e-07
3.204031545218778470e-07
3.507102488728518298e-07
3.319851877076814769e-07
3.110237069201332524e-07
3.167594495293943201e-07
3.191756505101025900e-07
3.470140027931637101e-07
3.133999170287238440e-07
4.628670869337730708e-07
3.126390825126876860e-07
2.983882204202502241e-07
3.035595732499572912e-07
3.292554497616979580e-07
4.266121331550815565e-07
3.202281286056501450e-07
3.177619365596169761e-07
3.708196118284818136e-07
3.156718521046847640e-07
3.942269690315795790e-07
3.547084000642126122e-07
3.420778681830248132e-07
3.017367364802487477e-07
3.260658912330935455e-07
3.122041206274481983e-07
4.816452127047645232e-07
3.332389701115721930e-07
3.247919414886999854e-07
3.314856523636471421e-07
3.056848538493396794e-07
3.592300794802677771e-07
3.650504099985985921e-07
3.382733165720454835e-07
3.336437673203892278e-07
3.439755126723350612e-07
3.433006044178378366e-07
3.133830244642222587e-07
3.564369545920650147e-07
3.623028742894179278e-07
3.451423127280989349e-07
2.940185058351146758e-07
3.193970917641578115e-07
3.034935689452629866e-07
3.221776112545785116e-07
3.406895926852071614e-07
3.152860079448245229e-07
3.802020324479078882e-07
3.928550008769472985e-07
3.248691833536560790e-07
3.678469209717947057e-07
3.332301892577540556e-07
4.322924447715370462e-07
3.165111064753710449e-07
3.300432298016751498e-07
3.126501397366746244e-07
3.447420033941714557e-07
3.886657763806331831e-07
3.075339758814067832e-07
2.946543814239926831e-07
3.664536100787112464e-07
3.202923482684749397e-07
3.276812900539456235e-07
3.335015916086584102e-07
3.443706221567876372e-07
3.219021184860621250e-07
3.147832142186390320e-07
2.873849304896025265e-07
3.015234056126387405e-07
3.195150257273392483e-07
3.791671251279248713e-07
3.821410384647318918e-07
3.344329095597050532e-07
3.236407552894573539e-07
3.009683825865408632e-07
3.006251285145407200e-07
3.297065224259012308e-07
3.063060438757719154e-07
3.351139302233199750e-07
3.174253136209330090e-07
3.616670948716037075e-07
2.966263867436790418e-07
3.150205926442374850e-07
3.075514949741821657e-07
3.111654775618537396e-07
3.538556175746023254e-07
3.247456999842700807e-07
3.015935112654875155e-07
3.257808107380000833e-07
3.317422621760016718e-07
3.110715256048510524e-07
2.932930801563339100e-07
3.385699266427635304e-07
3.125871869068853325e-07
3.026669583813884689e-07
3.057319547072278494e-07
3.225915910512758075e-07
3.390469482935468930e-07
3.364340704311002203e-07
3.277198955844792186e-07
3.096558525682687094e-07
3.247497277751955621e-07
3.912911643452324634e-07
3.335373928054145360e-07
2.939041224483562194e-07
3.171864962560199350e-07
3.265647816967655033e-07
3.212624730750035270e-07
3.002340687587324844e-07
3.163618276500326899e-07
3.148278932447261893e-07
3.158887619416996362e-07
3.248658691653696503e-07
2.988608773922697680e-07
3.324794833700711305e-07
2.926939393378372421e-07
3.483442924146969145e-07
2.925689453310268449e-07
3.259423854956442291e-07
3.590606069859922641e-07
3.220808956563819247e-07
3.094682959406566506e-07
3.514738129053475865e-07
3.213154980911927803e-07
3.077556561460432131e-07
2.947600288606914820e-07
3.321317927300676356e-07
3.226626305974121954e-07
3.558220849970167091e-07
3.683758323550194490e-07
3.532611623780118599e-07
3.326278378895154315e-07
3.152379442645428573e-07
3.329326706860474020e-07
3.184961460452204906e-07
3.096018811277088651e-07
4.447102230281476771e-07
2.932962602978682397e-07
3.826327682286797462e-07
3.116612412330222327e-07
3.255015325842666990e-07
3.171981314413403807e-07
3.254993087392746606e-07
3.612572197165295393e-07
3.365134611237694024e-07
3.667286052272978745e-07
2.923395467078157007e-07
3.342240597611578267e-07
3.271278609725371419e-07
3.064381821921610237e-07
3.226922717655891071e-07
4.095027412523563120e-07
4.630889813017394557e-07
4.012185885991380634e-07
2.928227256677588832e-07
3.395069306177325339e-07
3.397362080449801551e-07
3.111357970134535491e-07
3.048320289374779691e-07
3.267175542161567974e-07
2.988417408211643029e-07
2.933650645102878264e-07
3.035263063871269977e-07
2.990603271754604936e-07
3.529158448672338609e-07
3.028347253541035066e-07
3.306912501305971147e-07
3.159010160980518948e-07
3.293476817715395209e-07
3.055449466373550399e-07
3.453534940605977173e-07
3.259444787123913531e-07
3.495635336350078084e-07
3.028022846147184501e-07
3.395716490375412038e-07
3.233063174673838155e-07
3.724599487645389904e-07
3.201139639706026152e-07
3.525921001030752314e-07
3.080597307135352016e-07
4.078536001394013195e-07
3.268356213656442487e-07
2.927926414248273776e-07
3.427661027332051522e-07
3.324610056080659408e-07
3.284594316545492810e-07
3.311525051101323142e-07
3.002953951443775403e-07
3.230876708934718281e-07
4.300421374170700510e-07
2.813415813442624274e-07
3.321315270601652041e-07
3.224339682416511449e-07
3.072239231068249471e-07
3.183424501977108014e-07
3.485528168593316856e-07
3.170221284996322366e-07
3.324798251210296498e-07
3.722413619526273737e-07
3.183258113800531125e-07
3.306794578340066751e-07
2.773853462681103625e-07
3.128760703881576303e-07
2.997768666639323383e-07
3.164324923854935572e-07
3.015661865085376720e-07
2.970091974379891262e-07
3.701546023363750280e-07
2.939129532178487025e-07
3.487681214571087205e-07
3.198859684444431368e-07
3.072821424276353009e-07
3.037386755827350069e-07
3.049430210385046120e-07
2.981973936124366139e-07
3.275872662038882081e-07
3.018703647190642546e-07
3.109720625378769860e-07
3.207396138500591026e-07
3.231742994791315769e-07
2.800921867679185388e-07
2.860086355714771184e-07
3.089923304653526462e-07
3.241128635850909907e-07
3.096594414701988601e-07
3.097230765525441930e-07
4.335583420304302344e-07
3.334393080899176075e-07
3.176416521708725798e-07
3.339964853423966652e-07
3.567509078101964071e-07
2.985632822523149042e-07
3.233906458678175441e-07
3.438915161685463062e-07
3.092668087867432373e-07
4.261204711580810390e-07
3.230875856449805345e-07
3.121048324934364500e-07
3.280240043142585020e-07
3.315728716084658355e-07
3.225953225682687542e-07
3.714519288179397081e-07
3.377376281132254124e-07
3.196687334907281802e-07
3.795735439245138481e-07
3.218532403940932363e-07
3.130826319372826765e-07
2.988634771373479051e-07
3.283463863133188816e-07
3.328459990922781626e-07
3.641854398392947249e-07
3.059168588245382007e-07
3.048694051922997875e-07
2.767479992140196897e-07
3.601119751858117424e-07
3.284196682028178425e-07
2.928791611492600034e-07
3.037697504506449465e-07
3.274913506583863252e-07
3.031119563566516073e-07
3.139102747424719952e-07
3.530586999423713281e-07
3.337705549525369904e-07
3.066893907796828821e-07
3.310900521772486443e-07
3.136163144992324789e-07
3.245224404057882929e-07
3.140035807474964602e-07
-2.724647997731975985e-07
2.878302876446653803e-07
3.398051782173250448e-07
3.114339213844411622e-07
3.050883185132099314e-07
3.731975603223449755e-07
3.967287966003338664e-07
3.092870840912388908e-07
2.981417222719949794e-07
3.292020020874635296e-07
3.604994556160624287e-07
2.916993003979848359e-07
3.301671253487258446e-07
3.124677106767428985e-07
3.307746071137580330e-07
3.319506702795181195e-07
3.451112204854147063e-07
3.158134202487703856e-07
3.103726501138595157e-07
3.830890609225595956e-07
3.521612083842713588e-07
3.635010657132395317e-07
3.125416495965663811e-07
2.981503464318353868e-07
3.594022129316023901e-07
4.152414521163109421e-07
2.987011789977356525e-07
3.349264753780263774e-07
3.829654608343576711e-07
3.065620953970199493e-07
3.487381610238101862e-07
3.048864046794821583e-07
3.486175881564678366e-07
3.547925979998956200e-07
4.363694982078000664e-07
3.083702974193598380e-07
3.228478765939938520e-07
3.068908500605645797e-07
3.423630904343687545e-07
3.446463404724790713e-07
3.486747970046171189e-07
3.058636658220801185e-07
3.131079536207755861e-07
3.397303982817408929e-07
3.435666870857161854e-07
2.831482080448507143e-07
3.437149825095651927e-07
3.342495085931820771e-07
3.378795230541876313e-07
3.951635606690515746e-07
3.043371925273251944e-07
3.208312571878785270e-07
3.313802565731955820e-07
2.817117828337980624e-07
3.237465634494734246e-07
3.931457423998923633e-07
3.387734097692942620e-07
3.694985872710246850e-07
4.269327095339782573e-07
3.170212415036262733e-07
3.142676241918486526e-07
3.207738801655210102e-07
3.357590805715241866e-07
3.499626865810017039e-07
2.967882733178823940e-07
2.960094374240003784e-07
3.230647147707007563e-07
2.908318639452399581e-07
4.092260976776943278e-07
4.935818577491638651e-07
3.237938113742736013e-07
3.311430613756438380e-07
2.977559626307892514e-07
2.820758934306298825e-07
3.501956678942369330e-07
2.762004652122402425e-07
3.617639337914323856e-07
3.501808292890475242e-07
3.410106430129505092e-07
3.158972312469541801e-07
3.024159351327193711e-07
3.194575828124060750e-07
3.386104820972805568e-07
3.149646658188510402e-07
3.096890915378127707e-07
3.316929564028353736e-07
2.987044422262357912e-07
3.036308764212780048e-07
3.169487691289091739e-07
3.286802867168684224e-07
3.192675131604928953e-07
3.564363144713437692e-07
3.403374157639509087e-07
2.850434827862340819e-07
3.348533198284399188e-07
3.189840538646478442e-07
3.888020411936105885e-07
3.944442401506396268e-07
3.188706555527487035e-07
3.281281161136924240e-07
3.068156294667912448e-07
3.269924525588457556e-07
3.300641753748853835e-07
3.371400727639630065e-07
3.285099361559497780e-07
2.865820909463786098e-07
3.070936263063184044e-07
3.316325376470352372e-07
3.286379754778266079e-07
3.023620317722401741e-07
2.777265184437087411e-07
3.261674283716997649e-07
3.032794510349210710e-07
3.025561818149559627e-07
3.153720432506049648e-07
3.434027876278117839e-07
3.371992970059800190e-07
3.260422923435348343e-07
2.920150674607628312e-07
3.013925329714148128e-07
3.288271027507195669e-07
2.787932208251295266e-07
3.131384665470536921e-07
3.543906871673958817e-07
3.224066907532857198e-07
2.927609934192413242e-07
3.596217839932625938e-07
3.151215244587967738e-07
3.757950290470572169e-07
3.039856202117158366e-07
3.473507785294770263e-07
2.953408852073823361e-07
3.011619846429346695e-07
3.042729983527839620e-07
3.187370850419430809e-07
3.211487522428796166e-07
3.501693308748092451e-07
3.437680377772916294e-07
3.129454115801309426e-07
3.147442031525236588e-07
2.906988501317504558e-07
3.858012641894399837e-07
3.268756797883533321e-07
3.416997752753172336e-07
3.196159272468709765e-07
2.989044441012876012e-07
3.056077385028811796e-07
2.851920699324831290e-07
3.006776461848429713e-07
3.099164705610778716e-07
3.312419105445846797e-07
3.070215174018515442e-07
3.181659626824476291e-07
3.235188055886273164e-07
2.917927144620978111e-07
3.405861029255260108e-07
2.981661298947119713e-07
3.196794607575611361e-07
2.923999849139619894e-07
2.957361539431856867e-07
3.358884045746101110e-07
3.256506471497311511e-07
3.311153170266787014e-07
3.117997751074448097e-07
3.627349466320775991e-07
3.415023758231253034e-07
3.922972044676848555e-07
2.897293546180565161e-07
2.999675426999012425e-07
3.259029386927257162e-07
2.916015578276480430e-07
3.104369828097199581e-07
3.456094414541842738e-07
3.222093482042179382e-07
3.336654875405225709e-07
3.087401583089079275e-07
3.396530014338893791e-07
3.502618158654096254e-07
3.210876247200099101e-07
3.133361042020132559e-07
2.843559231207714604e-07
3.240358195806404062e-07
2.987495408290073159e-07
3.248938451829679221e-07
3.425471539199660864e-07
3.272555836796674409e-07
3.376073317281565018e-07
2.930910760111185497e-07
3.591849105108203061e-07
2.910527952534686569e-07
2.891407536738692229e-07
2.916168651262323903e-07
3.076320533174793754e-07
3.172185428487481189e-07
3.120816009758990110e-07
5.318509533066532476e-07
3.062040064270736964e-07
3.027604484384496411e-07
3.121124158356799851e-07
3.468824635326830667e-07
3.164272514895764300e-07
2.805143835608257349e-07
3.497521423748033504e-07
3.714980073121982205e-07
3.386360088930927906e-07
3.531963702931355248e-07
2.980624310246897804e-07
2.958944495283524478e-07
3.265217407670942661e-07
3.873051169578593834e-07
3.253613714353926101e-07
2.992500881942191337e-07
3.350837974649822464e-07
2.991151116867763726e-07
3.679985817080676109e-07
3.177914850680885605e-07
3.258080365716140962e-07
3.345125934678182341e-07
3.234985556184641282e-07
3.065484388530383584e-07
3.364207229712327160e-07
3.147352144465578089e-07
3.815537657009360405e-07
3.052066090542191074e-07
3.010525799027835944e-07
3.171444753976355673e-07
3.113082935037324010e-07
3.160585589800063164e-07
3.299487071011098808e-07
3.232924337909343420e-07
3.425106162954127714e-07
3.116880113065234806e-07
3.143109046626698839e-07
3.136639419410224956e-07
3.247802003078837292e-07
3.182535854521800840e-07
3.060001137734993702e-07
3.270840847276379155e-07
3.319905139434258310e-07
3.069079399631393811e-07
5.111333231374213900e-07
3.423635843172429364e-07
2.985675356226325430e-07
3.877323554880992531e-07
3.083568463753092711e-07
2.972889346691070409e-07
3.313643920984237670e-07
3.253059832087286970e-07
3.482782393378807647e-07
3.279604949092337780e-07
2.942360871402274821e-07
3.078001802134273230e-07
3.136573196428158778e-07
3.270679157165940393e-07
3.281270868167061286e-07
3.722156693711279553e-07
2.884542985788944959e-07
4.336773935791107308e-07
3.317925833468791374e-07
3.257082682799490875e-07
3.829095422172679332e-07
3.848984065060577700e-07
3.586120074122590162e-07
3.005525457498105538e-07
3.094781346535889358e-07
2.972842622433248530e-07
2.999380832090923649e-07
3.272083456650831845e-07
3.248908695432663606e-07
3.190429831744751268e-07
3.402180894364417876e-07
2.886610940310865228e-07
3.381837220623248200e-07
3.379269411336548939e-07
3.688142028746627661e-07
3.058971277122953239e-07
3.598167183211783314e-07
2.768281261862425367e-07
2.837798662644055243e-07
3.276096005944801064e-07
2.974443612063683932e-07
3.671641912651922211e-07
2.703454688482046652e-07
3.290312452902059206e-07
3.005998845843055959e-07
3.244164482385174058e-07
3.470437956318558387e-07
2.885699675167737244e-07
3.063236985401341966e-07
3.287631169149852269e-07
3.316852076393388324e-07
3.230168321371770777e-07
3.809792247052479483e-07
3.107766241687772076e-07
3.172342050312703880e-07
3.068496500711566164e-07
4.509796942396550360e-07
2.922244246328371742e-07
3.519075517605858659e-07
3.623203511296813073e-07
3.260832657862584433e-07
3.112197104303365286e-07
3.939048997292652284e-07
3.682556220833219866e-07
3.193177541811125140e-07
3.137381898594602414e-07
3.496886178415678005e-07
3.033199703502894059e-07
3.563411658850146101e-07
3.314454885960399965e-07
3.180677689195952342e-07
3.188412017712970619e-07
3.176382620800639093e-07
3.135564304562378098e-07
4.046234477372988659e-07
3.280859049494057592e-07
4.167680811070692719e-07
3.359881859757486167e-07
3.085875864616189973e-07
3.272319428188797985e-07
3.139614007079482677e-07
3.369001491668146856e-07
3.413852203743845260e-07
3.461616517308726795e-07
3.159968857575748334e-07
3.125870143315666429e-07
3.193241380121501637e-07
3.232876497498715185e-07
3.550095134989222393e-07
3.252781569575806395e-07
3.124588338510913818e-07
3.106727818709937011e-07
2.849290882496480569e-07
3.138432960627467201e-07
3.349252745694487140e-07
3.356470224759831915e-07
3.145635773631437613e-07
3.203277174772394727e-07
3.190742380085938693e-07
3.059125201058819774e-07
3.467143071523914633e-07
3.475561015797816790e-07
3.369229432300482297e-07
2.883251126128231413e-07
2.933439881169844803e-07
3.294167309615712215e-07
3.833872957990246834e-07
3.001726248218113864e-07
2.953963745567848660e-07
2.670923192245792844e-07
3.247237691927831361e-07
3.033199494254145347e-07
3.280573950589968647e-07
2.842529093436517869e-07
3.097369560435499759e-07
3.426559406765776403e-07
3.264391573512486444e-07
3.100449996275535991e-07
5.082649182015440509e-07
3.036098512174624667e-07
3.326318645068119135e-07
3.250076019736302297e-07
2.963591250865805221e-07
3.251659340529194557e-07
3.186826953784121554e-07
3.005023239753088147e-07
2.865966407995480417e-07
3.150820810565341202e-07
3.317655507232868499e-07
3.072525890288956520e-07
2.982633629496962438e-07
3.225248765836669630e-07
3.062052620846894300e-07
3.169836905715735068e-07
3.212301327893626305e-07
3.017682141932262823e-07
3.613696079992667011e-07
2.976633268278807660e-07
3.175892606220309162e-07
2.820558999292016800e-07
3.165545498717509534e-07
3.621592670276477870e-07
3.743494324550982208e-07
3.457928614408353627e-07
3.050105217181398777e-07
3.350948376026086614e-07
3.628686207897059059e-07
3.307003173154181836e-07
3.146800237318437590e-07
3.097163390169780385e-07
3.305187583628080528e-07
3.377743458044185328e-07
3.141943732764241374e-07
4.153710859127173462e-07
3.200341973323314368e-07
3.766931548167192524e-07
4.274465279144041288e-07
2.910074256310685430e-07
2.909922290891979952e-07
3.108278585314567377e-07
4.241003580643755834e-07
3.306246682266830344e-07
2.995789025864190947e-07
3.112338716050224272e-07
3.155284147337311048e-07
3.329799659800131891e-07
3.217442316330213016e-07
4.011055512614611022e-07
3.477872942971544545e-07
3.303472147996736895e-07
3.344628204723607385e-07
3.189293526505685153e-07
3.697133652259346274e-07
3.143529105320558846e-07
3.081175045819989658e-07
3.200468692275661828e-07
3.261820882879893264e-07
3.457040625796182895e-07
3.304291308348444563e-07
2.965953265022231271e-07
3.061648517591666241e-07
3.179986968440359296e-07
3.206435671441791558e-07
3.268790386122593203e-07
3.389426777508866735e-07
3.173566265494745816e-07
3.141847478452823810e-07
3.366843259996967528e-07
3.468543149578082778e-07
3.178724787472045187e-07
3.580010501075114569e-07
3.032600352162476156e-07
3.449312597152805391e-07
2.980070143334732987e-07
3.401638416629633772e-07
2.726607684291050259e-07
2.923686062193797756e-07
3.370632598130678710e-07
3.253675842096143223e-07
3.671478911045383991e-07
3.140248995709899245e-07
3.449764060087875915e-07
3.160305391608994154e-07
2.928613191491131195e-07
2.889751032515882224e-07
3.282804447023481208e-07
2.996075466300206836e-07
3.578552839831148169e-07
3.112062274715868280e-07
3.052508575166877111e-07
3.198425985289740194e-07
3.230113976408879090e-07
3.293880861787675795e-07
2.921816691827623195e-07
3.023811808643051442e-07
3.410511474997434881e-07
3.142460680516523624e-07
3.286362557504433755e-07
3.096911205768869315e-07
2.814111064312922544e-07
3.206394184909377528e-07
3.374042766408858705e-07
3.600405265344987427e-07
3.267368901497560281e-07
3.081939860713027196e-07
3.090899756303776281e-07
3.119466074436925977e-07
3.059620287289328038e-07
3.442214305685519603e-07
3.258838712714099137e-07
3.202106631768688467e-07
3.268768440934126588e-07
3.318007949226967211e-07
3.127510184894024863e-07
3.111051766966201803e-07
2.995795767763682016e-07
4.617330915670594765e-07
3.235834570742945666e-07
3.664669969946720942e-07
3.148628355786946719e-07
3.416785025438711653e-07
3.170692197315064334e-07
3.153656275758154493e-07
2.973683109908189399e-07
3.443392549174493029e-07
3.316654163844542780e-07
3.535781050995143823e-07
3.075015155874139712e-07
1.541722103476678190e-06
3.423556293355732541e-07
3.118540338456129446e-07
3.485112595618971491e-07
3.186669363633621890e-07
3.032075001790248177e-07
3.179849437741210691e-07
3.229535365521324765e-07
3.462629155477053915e-07
3.219743645400414383e-07
3.498525849407718890e-07
3.279931679843444140e-07
3.318619289013373024e-07
3.152376788686613546e-07
3.059808095110912770e-07
3.071348063364259106e-07
3.119336014892912829e-07
3.154429419928573971e-07
3.712557285837232449e-07
2.931214979819260123e-07
2.955750996131882865e-07
2.946776361628212688e-07
3.899913687055353517e-07
2.817089400716507475e-07
3.089548892810701195e-07
2.977450851945403740e-07
3.391446610516190066e-07
3.101481530969333170e-07
2.827832188129196698e-07
3.012507403846182973e-07
3.358219306809463153e-07
3.219520235109515297e-07
3.248724240293316145e-07
3.045606796719996207e-07
3.685472113711754448e-07
3.226828696109159549e-07
3.383946316391840506e-07
3.083795530956709212e-07
3.355327767769095767e-07
3.402269246360735506e-07
3.266554706275960590e-07
3.116817867750775142e-07
3.281192976384402250e-07
3.824590210869230443e-07
2.972113207374064192e-07
3.532853618235623154e-07
3.211504317182544674e-07
3.105317112020957364e-07
3.219024471730865503e-07
3.056002486625991825e-07
2.831940876625086056e-07
3.134988959829633222e-07
3.271864344252441446e-07
3.248772969339136656e-07
3.057086948912515906e-07
3.089923148823706250e-07
3.164859746548201586e-07
2.913305603000877014e-07
6.236133524939860084e-07
3.167749463611298951e-07
3.296418885982255939e-07
3.128003177418206889e-07
3.213840093460601486e-07
3.088557829051362572e-07
3.253276147900691238e-07
3.347409911122152292e-07
2.977247853316537802e-07
3.768685538071830161e-07
3.203416481970866908e-07
3.041205268530822465e-07
2.876596986827283410e-07
3.322439489643036434e-07
3.225840856551390253e-07
3.009604396326815396e-07
3.580981873285918188e-07
3.212084677467088298e-07
3.219498486879964487e-07
3.257908645835500795e-07
3.471708017447783871e-07
3.262886144695719781e-07
3.171647376055978461e-07
3.365650448026033401e-07
3.022343498687861567e-07
2.915607243332052689e-07
3.454804050386009663e-07
3.330439643003434862e-07
2.953033074244787917e-07
3.507816934264206010e-07
2.987910168114764335e-07
2.913234857047380096e-07
3.438493464010887967e-07
3.127401141383613727e-07
2.989141135077589944e-07
3.021802810043002641e-07
2.934063909046329997e-07
3.045746765483198981e-07
3.102821374010298327e-07
3.135228260394028066e-07
4.495717114573578563e-07
3.011505700316790551e-07
2.867663090626603452e-07
3.118623255508762992e-07
3.603089919117205037e-07
3.345274736448540280e-07
3.234874436885701119e-07
3.099081898138236396e-07
3.691993104981034775e-07
3.008727993819530523e-07
2.931442402341476120e-07
2.908065582942044032e-07
2.736028261731551295e-07
3.375642225687930290e-07
3.102703415247296096e-07
3.375965985918423546e-07
3.203726060566992536e-07
3.326557622796506221e-07
3.192567862755992185e-07
3.235152800372944954e-07
3.668608376571244642e-07
3.060842540948335685e-07
3.002888487065191291e-07
3.017742670138006568e-07
2.858648620680347466e-07
3.533916598643228479e-07
2.782278718375122210e-07
2.997995968452160498e-07
3.243747288313367754e-07
3.263665868790348385e-07
3.190013073556883656e-07
3.184549632780657229e-07
2.943152862854592127e-07
3.056650915328405184e-07
3.359467329018798041e-07
3.571663147845753162e-07
3.431989033529863103e-07
3.292908760215003503e-07
3.105801060370836118e-07
2.924142477194946767e-07
3.411074022356722145e-07
3.215626200800815159e-07
3.342414250618735216e-07
3.033481595488861563e-07
3.119819155945426199e-07
3.190483442506017017e-07
3.024178188614168936e-07
3.246063788161591090e-07
3.436441644150025113e-07
3.152806419575565035e-07
3.319711954338995304e-07
4.400701690611572348e-07
3.433372866925802524e-07
3.728511265639750389e-07
3.336849797071936473e-07
3.539288923101558285e-07
3.232062104004053483e-07
3.178734894704089892e-07
3.371329255233748004e-07
3.089021122549787860e-07
3.078779992274547322e-07
3.249588412659857599e-07
3.191733530031595971e-07
3.069348392164879499e-07
3.985573572486363950e-07
3.244329582629007468e-07
3.304072256910160404e-07
3.211303063120988343e-07
3.107187283605750010e-07
3.192394061758147720e-07
3.317031111423452580e-07
2.938245814731177844e-07
3.142445777804597773e-07
3.447643701889717219e-07
2.964764426791911214e-07
3.430130258570290085e-07
3.269015068876238837e-07
3.019570655762139414e-07
2.832210473435800724e-07
4.062989577593358215e-07
2.802909605738651051e-07
3.270949767988779569e-07
3.640759181535123644e-07
3.192375806285593287e-07
3.147878876972482861e-07
3.301953422899545413e-07
3.253020647360047725e-07
3.167426168408437067e-07
2.769435079625437367e-07
3.422478702859548158e-07
3.192407857498426207e-07
3.390455830739320798e-07
3.200613078996109806e-07
3.309827162933604070e-07
3.047527650942149954e-07
3.807054404260003461e-07
3.209203444685640365e-07
3.219428140526052194e-07
3.239694401456552980e-07
3.266421166034283543e-07
3.189786783933081920e-07
3.286044687276400262e-07
2.789004575059107626e-07
3.339951935387126692e-07
3.321668642307491874e-07
3.103085103418763400e-07
3.072499247814353184e-07
3.148011492627694449e-07
3.562701043918433243e-07
3.096948632326951715e-07
3.271012870719193118e-07
3.193935522237401240e-07
3.190682284120763295e-07
3.301198232249591267e-07
2.848680616425184202e-07
2.997293567859339637e-07
3.447437850720518195e-07
3.096738515788378445e-07
3.114783120057663870e-07
3.163019144296306764e-07
3.674804287049735807e-07
3.016952595529493705e-07
3.264251084879390279e-07
3.492663945513810721e-07
3.225825287654619068e-07
3.041707160218735206e-07
3.310054758214018834e-07
3.314352728321121544e-07
2.997345637344440904e-07
3.131223369809340770e-07
3.125791482915645596e-07
3.110449828443285079e-07
3.442991663898047458e-07
3.609280491029889958e-07
3.151711882499983902e-07
3.005815575326960482e-07
3.392349651080843806e-07
3.303395396139818910e-07
3.663616223579394084e-07
3.265226585068207828e-07
3.849248850498298569e-07
3.009388812986039533e-07
3.027151411435367240e-07
3.584331939520662002e-07
3.320750756717762401e-07
3.136176864154619269e-07
3.214603382786640754e-07
3.216601927920121137e-07
3.099988018096231960e-07
3.116469323489353842e-07
3.659771623220885936e-07
2.603368375860063787e-07
3.111278785580310092e-07
3.395685521616814415e-07
3.222861471414133768e-07
3.396132150583440769e-07
3.602064894461547956e-07
4.653353714603931647e-07
4.808035247551325086e-07
3.915790115837915472e-07
3.420508094051580855e-07
3.705994527588632965e-07
2.862399999397674350e-07
3.258915828731919550e-07
3.175090056775576748e-07
3.713293732119850091e-07
3.492671334434304625e-07
3.705515784027744362e-07
3.597925422568541955e-07
3.008007395006068224e-07
3.188451288341171590e-07
3.295371640945672125e-07
5.080336620821769922e-07
2.819523831219410556e-07
3.278372391246735547e-07
2.957588884466239946e-07
3.111212377912062067e-07
3.359242941553515785e-07
3.125495006143240542e-07
3.080903971328630590e-07
3.908686673543323981e-07
3.256362462521388756e-07
3.324900360208991149e-07
3.151728769407915927e-07
3.284990829029977527e-07
3.200488110361402343e-07
3.097675155731133835e-07
3.073830093454143183e-07
3.165493060894852021e-07
3.418172215930040644e-07
3.120439354291575681e-07
3.309181684618179531e-07
3.265730478822592812e-07
3.118707515853821642e-07
3.428384183753797998e-07
3.133138014270216697e-07
4.328275628842404467e-07
3.041810974781361462e-07
3.023303869859721374e-07
3.052816196156541860e-07
3.401143823225325241e-07
2.860761711997138106e-07
3.214041595331039602e-07
3.150844862886757705e-07
3.119938236731868737e-07
3.975505558862051088e-07
3.415836569532984115e-07
3.227930576128008805e-07
3.045812134187983392e-07
2.999199109215399168e-07
3.392396750725250765e-07
3.025403186073729125e-07
3.151997417424400784e-07
2.978295084397040965e-07
3.040734890496215718e-07
3.193381719306267699e-07
3.097460776541617860e-07
3.112064944467822778e-07
3.582371739857499176e-07
3.057213293370551793e-07
3.402555189296704856e-07
3.181265639845205064e-07
3.277437322668023887e-07
3.285552704667621837e-07
3.185017117779698638e-07
3.467481538464335936e-07
3.469843185524633109e-07
3.105200966180528710e-07
3.497769372162167592e-07
3.163812611302962193e-07
2.906003906885242904e-07
3.476541909629431841e-07
3.121671832076616355e-07
3.602641968534611850e-07
3.414825877745351048e-07
4.127077472287682739e-07
3.085991431182296648e-07
2.918639057412812527e-07
5.089721341116047714e-06
3.976103364026426431e-07
2.978232276635081804e-07
2.892521079006636251e-07
2.889923678596386032e-07
3.098382228274871684e-07
3.275976869284521022e-07
3.608744815139559057e-07
3.165589582526580192e-07
3.402496885290681866e-07
3.428801974722289517e-07
3.359412352240269887e-07
3.236816323922666105e-07
3.262815807201340658e-07
3.684970084435620345e-07
2.935196925441982256e-07
2.897292258212566052e-07
3.669911026054452870e-07
3.299070001547046823e-07
3.943821827829851225e-07
3.095840224509540165e-07
3.803465275404792192e-07
3.618484687241731763e-07
2.931132904004186052e-07
3.436353808019521018e-07
3.154442589328884302e-07
3.011067155907625163e-07
3.336495274578801814e-07
3.665893300624393585e-07
3.115452236411742847e-07
2.896028396186302227e-07
3.599631214171773262e-07
2.827070477180250152e-07
2.922367868722664983e-07
3.892755782416786721e-07
3.480993122309939242e-07
3.396882895943994219e-07
3.129882246477996958e-07
3.278560152368112174e-07
2.936101771144813205e-07
3.312980628037920407e-07
3.078436129008798995e-07
3.252988250340481905e-07
3.824247289398759151e-07
3.166782566632955404e-07
3.573452704604854397e-07
3.206479599883416114e-07
2.915745011661291858e-07
3.242542780692066836e-07
3.405713365661287250e-07
3.324201350516541551e-07
3.127097355297126906e-07
3.165107724609534385e-07
3.201976943068575057e-07
3.263751456135423390e-07
3.018652400720283273e-07
3.222433497199387549e-07
4.403647965904545848e-07
3.185739277960258715e-07
3.809709040827114436e-07
3.406762082144498556e-07
2.868357248883630660e-07
3.462518452226431290e-07
2.961303782157812596e-07
2.947551683031463374e-07
3.238264207431427075e-07
3.382534837577200297e-07
3.678196502067137007e-07
3.196366250467363217e-07
3.987403188496167927e-07
2.794347297597201658e-07
3.329087449874294833e-07
3.394112351488950247e-07
3.120826875667652883e-07
3.859222536405574143e-07
3.245028106418971347e-07
3.172196600473225811e-07
3.327112500607141578e-07
3.344504505963265721e-07
2.971188641343146612e-07
3.067280422390039902e-07
3.502733040618288989e-07
2.968750792068688303e-07
3.410421002293342065e-07
3.300301143441313691e-07
3.264743781154850382e-07
3.310809232302624495e-07
2.873942076592730024e-07
3.146548599781557375e-07
3.271953397269874657e-07
3.009170230393050531e-07
3.317935172647745397e-07
3.520710803260242012e-07
3.291941132679881906e-07
2.904216884946808579e-07
3.325494025545702562e-07
3.215790241846793395e-07
4.225061709248640713e-07
3.232897266143729454e-07
3.038059970643591547e-07
3.083146925393355893e-07
3.538422684629638757e-07
3.166284314765043367e-07
3.017962414508162251e-07
3.364519461628113693e-07
3.209359912357474570e-07
3.962797275090771389e-07
4.558306433672041853e-06
3.548622223691530548e-07
3.353896912238125000e-07
3.017859627470058945e-07
3.203749337541827344e-07
3.016202223871296140e-07
3.467853302543904083e-07
3.115012354644471008e-07
3.078525167996220930e-07
4.003247863466297819e-07
2.975030538827867581e-07
3.049701090185025700e-07
3.246289130908730199e-07
3.964335039127810858e-07
2.992557253844870994e-07
3.215885609838774468e-07
2.984097174430881384e-07
3.111944761017882736e-07
2.955223803138990212e-07
3.280451920511984353e-07
2.952199530397434285e-07
3.173076603217503444e-07
3.353051155272739506e-07
3.279970791348717501e-07
4.141442264820253325e-07
3.764067372687632786e-07
3.217316281702017805e-07
3.062843367440753707e-07
3.064384929767671791e-07
3.107659738095908877e-07
3.427444877016682579e-07
3.088013284238612281e-07
3.478252832851724885e-07
3.203079657786844466e-07
4.117065214715558461e-07
2.933437984675397583e-07
3.233949842582439475e-07
3.114188546293744285e-07
2.857307525733842164e-07
3.270466864174516146e-07
3.261807681603161853e-07
3.165212242408913240e-07
2.819504170088443846e-07
3.069624780344366336e-07
2.764934443874418257e-07
4.595559223650969899e-06
3.645689389597898677e-07
2.927251081978184472e-07
3.225237670275959746e-07
3.709905762188488426e-07
3.184987278593712405e-07
3.187136437387109921e-07
3.021888369837129837e-07
3.429286233687905174e-07
3.584313378414738106e-07
3.034489389537393982e-07
3.449734607821507024e-07
2.997484716462682780e-07
3.842947451136265739e-07
3.100880773180678648e-07
3.279182804288922693e-07
3.177795390432308140e-07
3.784214725735330123e-07
3.189918696317306483e-07
3.057996017927405512e-07
3.261858658557253251e-07
3.413485941703564884e-07
3.523918888774428732e-07
3.511075905939255975e-07
3.098160287983485064e-07
3.160068951724264157e-07
3.116726885584991619e-07
3.512128210707051709e-07
3.070717413739312429e-07
3.447077466768970067e-07
3.542544051275920440e-07
3.665610711117666744e-07
2.784820034802254910e-07
3.141174680594872661e-07
3.141695412902664809e-07
2.870848024706064258e-07
3.092393974223851731e-07
3.200069782678865187e-07
2.835490380090723307e-07
2.999895347769853659e-07
3.517988432333982862e-07
3.213878441405169514e-07
3.681822950542673552e-07
3.579133888476201146e-07
2.990967702501766413e-07
5.119398005467674761e-07
2.980951748042679141e-07
3.489807287190518136e-07
4.456867144607723251e-07
3.282448602632142514e-07
3.012648191745109125e-07
3.079251785540112264e-07
3.317557873358355582e-07
3.296725256552009629e-07
4.039731294469489040e-07
2.982795694238194134e-07
2.943350703888215118e-07
3.474746349801089192e-07
4.959940185472840809e-07
4.107584372744838868e-07
3.412387890773033020e-07
3.217071489216475677e-07
3.335186838204537136e-07
3.311612520303407706e-07
3.013457408918808938e-07
3.305553525002115390e-07
3.198377448508367666e-07
3.087006294109141687e-07
2.913624653228569622e-07
3.163224818425541179e-07
3.476699375487722901e-07
3.125281371051976523e-07
3.140366938148479647e-07
3.106991185059075004e-07
3.552293484218883200e-07
3.342210099398204750e-07
3.317207165890917330e-07
3.098260279339201078e-07
3.328259017756303496e-07
3.215412180883513900e-07
3.070650086459532081e-07
3.267319971595184917e-07
3.138050016351179036e-07
3.256852335463928095e-07
3.347336829060834747e-07
3.018414162543645860e-07
3.100982660121303726e-07
3.045562340768323662e-07
2.981042780022852516e-07
3.058271681632918885e-07
2.759187368710565147e-07
3.091343808636820376e-07
2.960950209557738709e-07
2.663551829378766733e-06
3.336676153603889346e-07
3.126255600186956070e-07
3.007785131240503870e-07
3.585639625494705657e-07
2.925915656566413952e-07
3.552249365901060290e-07
2.856202805133161497e-07
3.463135195521997196e-07
3.478954546608400294e-07
2.968851468299442972e-07
3.277447731747759823e-07
2.885200434973906532e-07
3.270393790350981530e-07
3.113754856006923203e-07
3.021842162806669782e-07
2.918377044454063799e-07
3.221667858794077276e-07
2.931049147343749535e-07
3.591137917464051999e-07
3.150905492077874298e-07
3.653899877823609468e-07
3.293698283922831945e-07
3.081960323311721205e-07
4.205262706733691601e-07
3.311339538437046576e-07
3.076017795716947990e-07
3.326446176198919160e-07
3.081395540699983017e-07
3.615975928753284091e-07
3.449268685572652787e-07
3.081718730781439816e-07
3.052584995552630549e-07
3.116216437564313500e-07
3.138362637287566080e-07
2.713383777913017083e-07
2.982267199067038780e-07
3.180333951696528940e-07
3.336102505786199467e-07
4.017352723679994968e-07
3.418588622474583659e-07
3.658184108904503528e-07
3.319561509723798205e-07
3.293292211601994784e-07
3.132763929605051318e-07
2.849331302344774831e-07
3.448752128398348588e-07
3.629711420327116585e-07
3.541303513447928193e-07
2.737326813361491422e-07
2.955694458101488355e-07
3.027743631387018057e-07
2.866244423807913127e-07
3.538128810530283239e-07
3.421025865156858707e-07
3.417749412931729254e-07
3.502957558979971331e-07
3.280607289028268830e-07
3.184071383703711893e-07
3.268111991116923663e-07
3.326656630961911965e-07
2.895532814013744359e-07
3.546091120600659436e-07
2.926443874127829622e-07
2.988425156796662899e-07
3.077740366473154279e-07
3.172188753750453041e-07
3.012461845176218891e-07
3.045900699222781019e-07
3.217001331632674351e-07
4.909195232152292932e-07
3.236172601271056008e-07
3.687754006135809131e-07
4.255376147939602562e-07
3.419950709749512561e-07
2.996548501491971020e-07
3.716375494973392207e-07
3.322649770482044204e-07
2.986460436504394954e-07
3.008019626386414185e-07
3.071618219533136589e-07
3.198915263535355292e-07
4.006769828765608560e-07
3.297795039211295128e-07
3.446734161671275735e-07
3.367521191844511172e-07
3.138384264384497879e-07
3.252738747556017999e-07
3.213604970203231956e-07
3.393186824917691515e-07
3.441530979480003656e-07
3.233005546267415825e-07
3.258522025340999766e-07
3.288298047533074719e-07
3.006166393492069997e-07
4.822657892570035746e-07
2.965098215654959100e-07
3.236289919584268187e-07
2.960523172435623600e-07
3.043332350575190511e-07
3.428574543938243855e-07
3.308681462294997079e-07
3.079044246203431657e-07
3.254870576030140344e-07
3.918268514326809408e-07
3.340770709567515570e-07
3.109608642018741405e-07
3.321483849784233554e-07
3.459669673746050620e-07
3.393728228645790433e-07
3.193949421151214493e-07
3.840954133539418642e-07
3.305971917169219470e-07
3.322614302019786438e-07
3.282802194793723928e-07
3.054419007013038644e-07
3.243336399882440980e-07
3.187234713225285230e-07
3.363276756182010985e-07
2.579409147167836048e-07
3.443541668954892745e-07
3.648461201025008817e-07
3.710280424506566258e-07
3.079364050192915712e-07
3.209215750377931677e-07
3.041276683858507403e-07
3.628525398593660600e-07
3.223545791931764632e-07
3.197006645947680702e-07
2.963694499103071150e-07
3.490737852400921313e-07
3.270439909602181122e-07
4.223349116625629068e-07
2.959334167409927675e-07
3.040486399211997468e-07
3.282624989661195971e-07
3.404283171204646233e-07
3.220527510951673035e-07
3.059138716102357059e-07
4.121093063442614796e-07
3.162098870101127372e-07
3.121717215330631568e-07
3.312104573516909146e-07
4.607809034359070510e-07
3.227184691474198101e-07
3.123405273170748812e-07
3.197801882635964042e-07
3.141353160487351341e-07
3.139843807060402531e-07
3.329590615723745402e-07
3.289524446508952312e-07
2.987636281826615317e-07
2.927183358158611673e-07
3.271038198639313014e-07
3.137833986214584244e-07
3.116730868705140326e-07
2.996623552002219037e-07
3.161823725774184340e-07
3.357103100342063066e-07
3.012649805679823351e-07
3.591960609474487975e-07
3.191617689337447837e-07
3.231273801058336773e-07
3.055152716879211930e-07
3.347878582663621174e-07
2.913126755532147888e-07
3.189968701083535788e-07
2.991171459788648516e-07
3.243007955381716318e-07
3.155837746463112879e-07
4.765488932799541003e-07
3.092515567703133875e-07
2.916445640300930907e-07
3.135166891074819406e-07
3.184320239213815351e-07
2.883538679733988907e-07
2.971985815690739260e-07
3.010529958390040519e-07
3.272722360908855266e-07
3.137875474859998723e-07
3.215969268715878375e-07
3.191425855529178999e-07
3.373408865694818098e-07
3.270929616015197529e-07
3.549047348009582214e-07
3.643245039875033017e-07
3.298567451528448868e-07
3.218636847670389121e-07
3.198315911267602542e-07
2.990283483750303368e-07
3.119904461912215058e-07
2.978252840870763167e-07
3.124433303145407284e-07
3.256599296762861661e-07
3.050564927870871419e-07
3.320118369885722150e-07
3.189750231754511885e-07
3.044697726482611477e-07
3.018221123899997210e-07
3.071485686329485869e-07
3.388052916950549264e-07
3.284247853033297168e-07
3.217679641424483645e-07
3.427335703774563363e-07
3.208505570643942239e-07
3.085178965738377202e-07
3.213497391954639253e-07
2.976840639315033849e-07
2.687066421444935740e-07
3.233157471198982451e-07
2.916093152980938222e-07
3.237820885155558764e-07
3.549323862698395396e-07
3.533926066944813541e-07
3.067091947661186023e-07
3.167960716557070703e-07
3.304718353567801835e-07
3.545182437181216860e-07
3.154807062319866376e-07
3.294636608906389731e-07
3.150037195030478308e-07
3.631078918907791282e-07
3.054794679439809820e-07
4.594685513054012320e-07
3.214933506713929676e-07
3.084235687732026215e-07
3.741942735173393286e-07
3.244499832925158020e-07
4.280180321012431997e-07
3.153546418774498229e-07
3.176783575679100665e-07
2.986854334529299970e-07
2.813913286854589313e-07
3.013489593796238790e-07
2.975819581497444705e-07
3.374666666084474760e-07
3.359942895652094424e-07
3.081079171329149131e-07
3.193757675507215415e-07
3.301935863369303891e-07
2.977013010502174402e-07
3.222972005813420861e-07
2.993045004053501631e-07
3.111177235150404959e-07
3.081938096008997399e-07
3.396751924373679613e-07
3.332324291764422537e-07
3.077459179667645997e-07
3.429026764460564432e-07
2.957108265349290706e-07
3.885612846762773310e-07
3.383910913897261473e-07
3.028424807796726260e-07
3.142485321789734230e-07
3.067165633267842084e-07
3.271807295824356235e-07
3.700693792484281476e-07
3.291901466063328108e-07
3.104476962501917586e-07
3.044210325560813190e-07
3.477739023586191548e-07
3.421985384677786278e-07
2.772558344207202703e-07
3.015336997885155160e-07
3.429147492718536493e-07
3.143539592027705494e-07
3.212516302887293696e-07
3.128789128645503864e-07
3.081386772393812751e-07
3.122827547960885995e-07
3.385458112111262134e-07
5.062624449895916163e-07
3.086665616166397104e-07
3.037720851509346199e-07
3.085181434082574393e-07
3.208277439740291397e-07
4.032358488344296558e-07
3.269013629067029903e-07
3.093607311846740574e-07
3.002894308511669920e-07
3.083770250835904726e-07
3.149788238679105070e-07
3.614332834495573093e-07
4.030150626536272666e-07
3.079693902154454060e-07
3.177113472099907107e-07
3.225951970895405785e-07
2.821731003149031465e-07
3.001239770514711124e-07
3.252486893583506156e-07
3.237559372260058741e-07
2.955294628583437030e-07
2.953103138715679308e-07
3.321750368751971036e-07
3.137536929254628109e-07
3.132755211954152275e-07
3.150958074931223517e-07
3.416190132814710377e-07
3.040548561552727452e-07
3.213950597634568177e-07
2.965993531621480245e-07
2.978267453867816726e-07
3.080424366512332279e-07
3.544147394557108662e-07
3.218013375061709171e-07
3.063994693627991107e-07
3.098787612064772229e-07
2.991266041987181863e-07
2.822097851196969238e-07
3.036060519522156180e-07
3.425077723015478376e-07
3.337165131799427827e-07
3.087181505356954395e-07
3.234731229872546658e-07
3.857167454269413855e-07
3.483721478075011733e-07
3.481354944714545205e-07
3.233105302281578715e-07
3.143380526002893600e-07
3.051479161389342220e-07
3.180657651512179121e-07
2.900944095453851701e-07
2.928565027510111283e-07
3.112349418622873671e-07
3.313881915647453546e-07
3.470808556557214898e-07
2.992410753707819560e-07
3.099723074592417490e-07
3.181504952197536148e-07
2.968727267001360726e-07
3.184692921382561504e-07
3.037345809980749341e-07
3.351215019092967423e-07
2.899207689294539362e-07
2.977068002961651984e-07
3.156161942815158744e-07
3.200605758395049320e-07
3.172181047140731090e-07
2.932029861102267108e-07
3.014517550482824692e-07
3.258821177723308422e-07
3.263105270362997236e-07
3.455497052951174052e-07
3.345715906080550501e-07
3.099264568688335952e-07
4.067454045011543125e-07
3.226425734038921485e-07
2.924224257813478478e-07
2.744666300155172198e-07
3.103433812133931104e-07
3.310766780201523338e-07
3.459611489877080113e-07
3.079866584800848217e-07
3.503728878536094936e-07
3.171902723591974808e-07
2.862450473270206721e-07
3.202292292044168023e-07
3.158933160258862962e-07
2.896175382940183028e-07
3.435867683908428629e-07
3.641740964538016006e-07
4.066757226266544881e-07
3.024682430023612767e-07
3.216351447751009778e-07
3.415125773998121206e-07
3.214644168526046765e-07
2.947279690183619113e-07
3.229114715405403884e-07
3.161976097537099223e-07
3.206558300414163392e-07
3.302437001943357214e-07
3.064617416234864686e-07
3.081020483258376702e-07
3.410050012162744897e-07
4.748777279904908292e-07
2.950604608823414867e-07
3.035299880144814328e-07
3.251175609719150699e-07
2.978033304232422889e-07
3.302449376986399084e-07
3.252043912139349200e-07
3.299162422244315491e-07
3.267665434788100039e-07
3.141064725640609037e-07
3.959872451579617974e-07
4.378136865193553445e-07
3.367917068150279477e-07
3.250933449890984400e-07
3.404203233456813793e-07
3.048469341955722069e-07
3.139331084303448867e-07
4.671947766302873311e-07
3.841363270099113586e-07
3.248239165457866164e-07
3.479423116517489682e-07
2.987710822586224807e-07
2.813082452112489140e-07
3.190573150707454100e-07
2.954316182387890024e-07
3.278933431031307713e-07
3.061675099140948863e-07
3.231661421199207367e-07
3.089829661710978137e-07
4.958464737903076806e-07
4.546404369028011664e-07
3.241407591234144903e-07
3.775141890391473735e-07
4.258932354552851784e-07
3.530975722066830658e-07
2.823064256613461662e-07
3.199680845908712950e-07
3.192254457737372021e-07
2.994521940063026821e-07
3.080506125806946656e-07
3.695316999644669945e-07
3.543408316378037709e-07
3.926825346729104226e-07
3.024183507459454158e-07
2.993326081994713408e-07
3.131199731136858988e-07
3.160282172923379062e-07
3.382094357492011424e-07
2.749891482432513808e-07
3.597070694347510339e-07
3.263524933037142491e-07
4.874049374411703333e-07
3.349795401504224352e-07
3.295865696286339954e-07
3.026275569449205538e-07
3.153877723565423577e-07
2.908149461901664569e-07
3.110314782052395915e-07
4.567926924912120409e-06
3.340663927526077932e-07
3.363456364120773097e-07
3.358604826251875995e-07
2.967858283517061383e-07
2.963249010756210234e-07
3.157448283795013966e-07
3.101859141560149999e-07
3.338887128147382482e-07
3.313486832863584926e-07
3.119289661034848963e-07
3.146348533656899917e-07
2.811955394704905592e-07
3.389675957468764710e-07
3.119164019242364773e-07
3.333172118668951458e-07
2.940656341691251926e-07
3.315187998947967424e-07
3.804627286487147969e-07
3.418123470875787121e-07
3.031595500804028340e-07
3.298210673370398929e-07
2.801178685450708813e-07
3.340695795145185513e-07
3.732904707294443796e-07
3.397079204581694265e-07
3.093564955552917217e-07
3.106215687195993103e-07
3.223286531290289913e-07
2.960021219618575489e-07
3.520109720321664656e-07
3.236946472588731518e-07
2.760586379103507022e-07
3.548005020358142953e-07
3.535544647464213477e-07
2.884464746303404124e-07
3.479841304333056031e-07
4.085470232629121343e-07
2.793784616137413661e-07
3.025875402734985031e-07
3.284454391739021952e-07
3.031703152525829605e-07
3.371925827880074163e-07
3.322543618166888566e-07
2.807184779370602900e-07
3.288595045996944516e-07
3.439446326330033012e-07
3.227492715608154363e-07
3.313250926623996966e-07
2.924898709396213764e-07
3.334367241770210728e-07
3.222722719820500710e-07
3.494569924404382873e-07
3.188748165285335731e-07
3.252373069351902711e-07
2.998824660085120536e-07
3.171847677892106860e-07
3.384870222204693941e-07
3.344307385608865180e-07
3.371739372794379514e-07
3.114295704973457235e-07
3.231893754269982887e-07
3.195438725077309027e-07
3.088014138319150531e-07
3.158011043292468848e-07
3.744143549872435754e-07
4.222955409144316077e-07
3.058262702441862596e-07
3.357332804780255213e-07
3.014708860395354714e-07
3.532518926327077218e-07
4.517470864375236154e-07
3.465194044776218849e-07
3.082611686411950842e-07
3.206642657410086954e-07
3.204402675153732711e-07
3.043287085871199323e-07
3.149985365145889117e-07
3.465392715041705082e-07
3.255858388826700413e-07
3.323510220241612274e-07
3.090936876371656100e-07
2.855399308896092291e-07
3.444777234771030836e-07
3.127072249474878131e-07
2.923269082411779458e-07
3.220300243205746141e-07
3.431515946255487712e-07
3.430344622016428186e-07
2.939267565398189384e-07
2.926203895804545435e-07
3.352735794013625617e-07
3.200747512876609742e-07
2.987750477212985944e-07
3.260873083383962327e-07
3.108318638828943300e-07
3.151507053507994654e-07
3.133455037415476753e-07
3.579712581439670990e-07
3.278932553095687926e-07
3.149428237658005385e-07
3.583186318497905743e-07
3.187833504969050251e-07
3.111157316132444638e-07
3.076766346196549782e-07
3.279247180041795809e-07
3.038690582864445775e-07
3.267552487735800133e-07
3.169808243014693969e-07
3.290388591261049720e-07
3.182369670106755588e-07
3.192044999552945718e-07
3.260009670698903244e-07
3.204645844795039793e-07
3.729853424819827086e-07
2.921448937871963516e-07
4.724236402738988635e-07
3.210084332225305576e-07
3.296973846321858799e-07
3.188020843656851521e-07
4.175229255696290930e-07
3.001180107056505464e-07
3.201590673937330812e-07
3.161050899015888728e-07
3.096735278816889055e-07
3.184337106798926851e-07
3.231239824763281736e-07
3.212443946063979157e-07
3.279123234693903872e-07
3.159019612994118891e-07
3.317350128418874234e-07
3.387456506680056341e-07
3.257466579699512567e-07
3.249313371124990693e-07
3.273722240904938966e-07
3.206643592612489398e-07
3.281426636028422398e-07
3.048189701845154553e-07
3.579264694850756839e-07
3.084364574767286054e-07
3.189244828176376274e-07
3.087969811821855831e-07
3.758051933388583441e-07
3.080765271143981965e-07
3.398717824919045813e-07
2.902102912571297149e-07
3.130697978244561195e-07
3.716777845216558404e-07
3.506685091990678773e-07
3.118401639533733553e-07
3.105541557948769159e-07
3.131764688567771629e-07
3.115353611596769893e-07
3.003300188257529939e-07
3.033522382280967532e-07
3.249046882482458914e-07
3.065697433828462850e-07
3.921276206199188506e-07
2.894746175202440661e-07
3.184201635020078115e-07
3.667684658639839146e-07
3.456152062663090853e-07
3.522295823244044509e-07
3.211766235438997080e-07
3.174778417688823636e-07
3.367147543486103744e-07
3.442637839625049770e-07
3.368731449032870469e-07
2.979323821536848969e-07
3.369084104213415776e-07
3.056425649270737616e-07
3.128144176789313593e-07
3.198241981855662800e-07
3.430597605888686132e-07
3.182884101251961045e-07
2.891799836691235141e-07
3.148716266125385812e-07
2.980538160387027064e-07
3.386664230814122499e-07
3.213714259630144219e-07
3.577700072014880474e-07
2.887073153262254192e-07
3.149934177693285245e-07
3.048200569584481047e-07
3.307881876519612600e-07
3.166048443256754977e-07
3.170055528643094177e-07
3.071354740246058597e-07
3.248246526243492628e-07
3.314879393723577488e-07
3.086605469361765288e-07
2.935357835884736742e-07
3.106054726297770291e-07
3.164427512783624162e-07
3.325423632536383853e-07
3.052310325833470634e-07
3.361973912950771274e-07
3.275508868903656468e-07
3.277528518879799217e-07
3.852841111032177441e-07
4.899179864799632609e-07
3.150078419823164072e-07
3.236054221780536713e-07
3.278936227161796081e-07
3.250862930520015836e-07
3.274885655691539542e-07
3.806619508479360447e-07
3.060101926312662662e-07
3.185945993655290245e-07
3.753597805115704092e-07
3.673261124955654923e-07
3.134187869845348763e-07
3.432747683906985664e-07
3.984111527670790477e-07
3.126471825195748592e-07
3.178174538551760525e-07
2.749677184184738883e-07
4.941691431097071237e-07
2.955183790259466686e-07
3.110886535799086127e-07
3.173271843746460068e-07
2.938745005303229761e-07
3.255921719913485478e-07
3.240107022123514309e-07
4.685947679776565153e-07
3.108964261668979593e-07
4.617370821488765824e-07
3.748922405417437078e-07
2.927949930468245340e-07
3.348687131802526580e-07
3.118621842062203579e-07
3.097006703773777641e-07
3.075200944010552381e-07
3.164100522557579877e-07
3.388730394592671161e-07
3.369317567909194008e-07
3.038391183742360733e-07
3.995872373697387516e-07
3.579772204434561658e-07
3.072585035102413009e-07
3.187252725063053656e-07
3.071125032140834769e-07
3.238345761981662017e-07
3.161068490120094923e-07
3.104025129013629443e-07
3.370188790763053266e-07
3.383249007880285940e-07
3.086316780374309455e-07
3.125066605939325588e-07
3.128759876423685397e-07
3.661848084630163577e-07
3.820175070400029159e-07
3.496040905551331850e-07
3.291393278675500325e-07
3.248971193373178306e-07
3.352462200100723736e-07
2.840037895249653802e-07
3.163094109364855908e-07
5.467825362429384371e-07
2.840804529439797709e-07
3.125975105878835880e-07
3.219026379198160275e-07
2.923550885692817131e-07
3.028237214532364835e-07
3.570843951046344829e-07
3.074121657326474903e-07
3.101365139949801687e-07
3.595011227229562293e-07
3.303708581708798992e-07
3.060759904035966516e-07
3.443527736304045194e-07
3.187988430915721572e-07
2.990865435558186987e-07
3.226951525810278494e-07
3.203613449039685395e-07
2.900963239446572394e-07
3.030146718091372903e-07
3.430773516486052603e-07
3.203229926905833677e-07
3.053056521555263954e-07
3.848734153687953705e-07
3.213700002814958607e-07
3.387339399765916771e-07
3.240148435513151565e-07
3.067634857489418910e-07
3.129935120484914517e-07
3.149277675605158220e-07
3.181904817635692491e-07
3.304024734632589069e-07
3.554858245280193301e-07
3.805513419541443368e-07
2.866014899331870906e-07
3.028469753620124855e-07
3.336402143169418325e-07
3.967131734240634773e-07
3.122094431518069974e-07
3.062566318300833404e-07
3.232240724129496908e-07
3.672577529024982718e-07
2.771237011067280715e-07
3.084251631721650512e-07
3.044675264426993328e-07
3.774408078733713171e-07
3.281487563261742536e-07
3.462991284934386040e-07
3.175890587410495358e-07
3.278671212393989030e-07
3.201211863586153779e-07
3.685716907850764182e-07
3.166065073326809870e-07
3.162990479835856473e-07
3.112415951009956975e-07
3.026610070455284296e-07
3.178579375400720151e-07
3.238603412134341534e-07
3.402987248436426715e-07
3.021231758675489697e-07
3.117102705618748619e-07
3.206907616744324110e-07
3.139955765070203947e-07
3.361831439245577993e-07
3.244474212048441570e-07
3.194472114002798844e-07
3.241019097696047525e-07
2.981041646416020662e-07
3.082907912088105891e-07
2.928244473015093010e-07
3.204438793286531429e-07
4.527166762535203551e-07
3.432052915615516413e-07
2.895935039192117376e-07
2.800895825655103053e-07
3.223825796618804293e-07
3.309401678976047262e-07
3.081894798460751895e-07
3.121819683494003220e-07
4.509188643176099050e-07
3.479749059063117178e-07
3.287273989129306718e-07
3.810345946110613273e-07
3.282755184632303208e-07
3.222954225584293245e-07
3.254349042510698015e-07
2.968491788470989602e-07
3.530958583126310350e-07
3.147170108367021710e-07
3.274215279821753964e-07
3.252921211660940960e-07
3.010339138259833807e-07
2.875035681536062745e-07
3.203633989938891730e-07
3.168140391785628334e-07
3.141005180756805541e-07
5.378380118631649959e-07
2.919863376827027418e-07
3.313634235712612011e-07
2.987445543742506447e-07
3.082366345259530169e-07
3.364972316340823425e-07
3.103125888490635980e-07
3.074097274760377972e-07
3.434392163691628178e-07
3.144585781147063149e-07
3.144149731135259281e-07
2.880288900071609382e-07
3.182772698724849190e-07
5.254412912798177014e-07
3.215885606044111863e-07
3.109855503148078533e-07
3.279428098403472459e-07
2.991614860648866188e-07
2.970126599480894782e-07
3.955871623090522917e-07
2.845673732868708020e-07
3.037772193224986441e-07
3.110761912048382460e-07
4.493580011740446207e-07
3.256924627929210786e-07
3.094631217624623309e-07
3.194301914846247130e-07
3.217548172621597506e-07
3.309872622075251850e-07
3.478016402309756649e-07
3.486265377597269356e-07
3.645913919688915815e-07
3.584177620194047148e-07
2.775918592546241455e-07
3.161703355649789721e-07
3.170043091627572817e-07
3.122849992466824804e-07
3.018405524238651324e-07
3.566110764949347983e-07
3.241430130896479690e-07
3.283602982086409761e-07
3.308563431413367199e-07
3.508674986090780405e-07
3.437753471755781585e-07
3.115756895558010173e-07
3.661450880159392565e-07
3.221078059172035345e-07
3.335007697298707135e-07
2.996153509100760732e-07
3.166676959813383780e-07
3.363872216682333853e-07
3.156289058556700095e-07
2.770982309606280574e-07
3.936377267464863044e-07
3.158014451517605733e-07
3.000311218126678782e-07
3.224914074976833069e-07
2.871025624465167527e-07
3.504926517785136912e-07
3.057755922201141906e-07
2.976352481289615910e-07
3.309946001213903945e-07
2.679082513030381367e-07
3.187644045737876007e-07
3.374070567006722347e-07
3.442173864253732113e-07
2.853074470162906226e-07
3.346747712211805922e-07
3.387537449063203979e-07
2.951848237522211074e-07
3.070145062199561737e-07
3.729199489283184675e-07
3.559901973066296062e-07
3.248293389660872513e-07
3.198877784502748541e-07
3.151762191859662851e-07
3.333581490732085522e-07
3.205817775746536907e-07
3.416040908655904350e-07
2.867967550486568896e-07
3.020459765269675680e-07
2.972839448240618231e-07
3.143353481684697251e-07
3.384873298750344348e-07
3.190918252283101440e-07
2.950956876704951481e-07
3.436459387316886250e-07
3.644223189947553555e-07
3.063950010408120743e-07
3.154825802020528326e-07
3.521357914384688356e-07
4.820445611259815084e-07
3.336745523656135044e-07
3.080809115982158667e-07
3.542341064186029230e-07
3.043467815723644271e-07
3.600489138941582860e-07
3.326056134409103279e-07
3.167815565123132020e-07
3.278447441128265418e-07
2.764263202447748789e-07
3.097108303711480050e-07
3.383856079869398678e-07
3.067194737455711888e-07
3.634979533720289722e-07
3.235831798056004702e-07
3.405020898286522984e-07
3.170207808535044772e-07
3.436258600873985314e-07
3.296622765360252655e-07
3.146693008659264405e-07
3.356798747461053900e-07
3.271169165601276579e-07
3.104566062534093470e-07
3.240244029544519114e-07
3.649685462210664256e-07
3.522165082226435617e-07
4.602352624136160504e-07
3.176835578627728928e-07
3.023033693830101329e-07
3.598989079786935705e-07
3.609518812490056175e-07
2.821791460462777264e-07
3.472083241788323244e-07
3.079250188349340993e-07
3.062789374658361676e-07
3.013289840530264125e-07
3.208240478669949196e-07
2.975651751679264036e-07
2.882496133940441502e-07
2.919525648570024196e-07
2.679339347454366601e-07
3.207032475670226807e-07
3.297297247899635531e-07
3.223461031662078984e-07
3.036887372285480306e-07
3.028961788690986304e-07
3.072192096872830728e-07
3.401340750328281658e-07
3.483819352760511393e-07
2.872993814254775299e-07
4.525094337535109027e-07
3.342468872912011945e-07
3.054149862579829036e-07
3.264605553441754016e-07
3.215366156697335548e-07
3.157922422572508188e-07
2.893071988840387461e-07
2.899325092236533308e-07
3.426703241785443226e-07
3.252318260118738809e-07
3.668159344422248037e-07
3.139809331633485629e-07
3.278566095762030628e-07
3.385921403422332303e-07
3.146697012199079894e-07
3.094146560897073713e-07
3.723524688006046642e-07
3.030018909389202199e-07
