7.029395875904912778e-06
7.165395872058570099e-06
7.953960522144739444e-07
8.493960506872496454e-07
6.973960549861032278e-07
-2.060392470746998147e-08
7.233960542507730097e-07
-1.460392487716157025e-08
8.453960508003773712e-07
8.693960501216110161e-07
7.147395872567644865e-06
7.163395872115133962e-06
9.553960476893649102e-07
6.353960567395829785e-07
7.013960548729755019e-07
6.633960559476888976e-07
7.633960531194957512e-07
7.213960543073368727e-07
-1.860392476403384439e-08
8.113960517619630410e-07
7.167395872002006236e-06
9.473960479156203619e-07
9.396074444072074632e-09
8.333960511397605488e-07
8.253960513660160005e-07
7.159395872228261688e-06
7.147395872567644865e-06
6.873960552689225424e-07
7.157395872284825551e-06
7.057395875113018697e-06
7.135395872907028043e-06
7.143395872680772591e-06
7.853960524972932590e-07
7.135395872907028043e-06
-8.603925046853159027e-09
7.143395872680772591e-06
-3.860392419839521512e-08
7.573960532891873400e-07
8.713960500650471532e-07
6.965395877714956392e-06
7.143395872680772591e-06
7.129395873076719632e-06
-1.060392499028929610e-08
8.213960514791437263e-07
6.453960564567636639e-07
8.033960519882184927e-07
7.155395872341389413e-06
7.085395874321124616e-06
8.533960505741219195e-07
6.693960557779973088e-07
7.115395873472666672e-06
7.153395872397953276e-06
7.163395872115133962e-06
7.105395873755485987e-06
7.163395872115133962e-06
7.139395872793900317e-06
9.393960481418758136e-07
6.493960563436359380e-07
7.159395872228261688e-06
9.673960473499817327e-07
6.713960557214334458e-07
-2.060392470746998147e-08
7.159395872228261688e-06
8.053960519316546297e-07
7.633960531194957512e-07
5.973960578142963741e-07
8.973960493297169351e-07
7.153395872397953276e-06
7.573960532891873400e-07
-1.660392482059770732e-08
6.793960554951779941e-07
7.137395872850464180e-06
7.167395872002006236e-06
7.157395872284825551e-06
8.273960513094521375e-07
-1.060392499028929610e-08
9.733960471802901439e-07
7.135395872907028043e-06
1.117396043107692013e-06
7.151395872454517139e-06
8.613960503478664678e-07
6.973960549861032278e-07
6.613960560042527605e-07
8.493960506872496454e-07
7.553960533457512029e-07
6.253960570224022932e-07
7.733960528366764366e-07
7.165395872058570099e-06
-1.260392493372543317e-08
1.007396046218704474e-06
9.393960481418758136e-07
1.013396046049012885e-06
7.253960541942091468e-07
7.413960537416982434e-07
7.155395872341389413e-06
-2.603925216544747807e-09
7.653960530629318883e-07
-1.460392487716157025e-08
-2.660392453777839269e-08
7.151395872454517139e-06
3.396074613763663412e-09
7.151395872454517139e-06
8.993960492731530722e-07
8.853960496691001127e-07
8.673960501781748790e-07
5.713960585496265922e-07
8.253960513660160005e-07
7.151395872454517139e-06
7.151395872454517139e-06
7.653960530629318883e-07
7.143395872680772591e-06
6.999395876753370722e-06
8.753960499519194273e-07
7.163395872115133962e-06
7.161395872171697825e-06
9.333960483115674024e-07
1.273396038695710705e-06
7.713960528932402995e-07
7.161395872171697825e-06
1.061396044691480175e-06
8.373960510266328229e-07
8.473960507438135083e-07
7.159395872228261688e-06
7.167395872002006236e-06
7.533960534023150658e-07
9.396074444072074632e-09
6.273960569658384302e-07
-8.603925046853159027e-09
7.091395874151433027e-06
7.233960542507730097e-07
8.193960515357075893e-07
7.693960529498041624e-07
7.155395872341389413e-06
-1.060392499028929610e-08
7.159395872228261688e-06
6.993960549295393649e-07
8.773960498953555644e-07
1.021396045822757434e-06
7.273960541376452839e-07
7.167395872002006236e-06
-1.260392493372543317e-08
6.713960557214334458e-07
6.153960573052216078e-07
7.633960531194957512e-07
1.169396041637031577e-06
8.673960501781748790e-07
7.396074500635937558e-09
7.131395873020155769e-06
8.293960512528882746e-07
8.913960494994085239e-07
7.017395876244295955e-06
7.145395872624208728e-06
7.953960522144739444e-07
-8.603925046853159027e-09
-2.060392470746998147e-08
-2.660392453777839269e-08
8.553960505175580566e-07
-2.060392470746998147e-08
7.161395872171697825e-06
9.333960483115674024e-07
-6.039252731086107342e-10
8.233960514225798634e-07
8.613960503478664678e-07
8.113960517619630410e-07
7.033960548164116390e-07
-1.060392499028929610e-08
8.833960497256639756e-07
9.433960480287480878e-07
7.167395872002006236e-06
8.893960495559723868e-07
6.333960567961468415e-07
8.453960508003773712e-07
-4.060392414183135220e-08
6.993960549295393649e-07
9.893960467277792405e-07
7.163395872115133962e-06
7.553960533457512029e-07
-6.603925103417021954e-09
-2.060392470746998147e-08
5.933960579274241000e-07
8.653960502347387419e-07
7.693960529498041624e-07
7.161395872171697825e-06
7.167395872002006236e-06
1.001396046388396063e-06
-1.260392493372543317e-08
8.853960496691001127e-07
-1.460392487716157025e-08
6.833960553820502683e-07
7.167395872002006236e-06
6.953960550426670907e-07
6.953960550426670907e-07
7.151395872454517139e-06
7.333960539679536951e-07
7.167395872002006236e-06
-6.039252731086107342e-10
6.193960571920938819e-07
-2.060392470746998147e-08
9.513960478024926361e-07
1.405396034962495752e-06
7.167395872002006236e-06
1.007396046218704474e-06
8.793960498387917015e-07
-3.260392436808680390e-08
7.353960539113898322e-07
7.453960536285705176e-07
6.593960560608166234e-07
9.373960481984396766e-07
7.155395872341389413e-06
-6.039252731086107342e-10
8.093960518185269039e-07
7.113960545901561873e-07
7.693960529498041624e-07
7.141395872737336454e-06
1.015396045992449022e-06
6.373960566830191156e-07
7.153960544770284615e-07
-4.603925159980884881e-09
7.111395873585794398e-06
7.143395872680772591e-06
8.933960494428446610e-07
7.121395873302975083e-06
6.773960555517418571e-07
-6.603925103417021954e-09
7.253960541942091468e-07
9.033960491600253463e-07
-1.860392476403384439e-08
6.333960567961468415e-07
8.413960509135050971e-07
7.333960539679536951e-07
8.833960497256639756e-07
7.143395872680772591e-06
7.553960533457512029e-07
-1.260392493372543317e-08
-2.260392465090611854e-08
9.873960467843431034e-07
6.533960562305082122e-07
7.253960541942091468e-07
7.167395872002006236e-06
7.165395872058570099e-06
9.693960472934178697e-07
9.273960484812589912e-07
1.205396040618882044e-06
5.993960577577325112e-07
9.893960467277792405e-07
-1.660392482059770732e-08
9.173960487640783058e-07
-4.603925159980884881e-09
7.273960541376452839e-07
7.137395872850464180e-06
6.373960566830191156e-07
7.413960537416982434e-07
7.313960540245175580e-07
-1.060392499028929610e-08
7.143395872680772591e-06
7.147395872567644865e-06
8.973960493297169351e-07
9.733960471802901439e-07
-1.660392482059770732e-08
7.129395873076719632e-06
7.153395872397953276e-06
9.553960476893649102e-07
7.163395872115133962e-06
7.119395873359538946e-06
7.137395872850464180e-06
7.137395872850464180e-06
1.167396041693595440e-06
6.977395877375573214e-06
7.165395872058570099e-06
-1.460392487716157025e-08
7.095395874038305301e-06
8.113960517619630410e-07
6.953960550426670907e-07
-1.660392482059770732e-08
7.115395873472666672e-06
7.097395873981741438e-06
-2.260392465090611854e-08
5.396074557199800485e-09
-2.060392470746998147e-08
8.893960495559723868e-07
-1.460392487716157025e-08
7.165395872058570099e-06
7.159395872228261688e-06
8.613960503478664678e-07
7.155395872341389413e-06
7.109395873642358261e-06
9.373960481984396766e-07
-6.039252731086107342e-10
-1.060392499028929610e-08
8.573960504609941936e-07
7.713960528932402995e-07
7.163395872115133962e-06
7.149395872511081002e-06
8.393960509700689600e-07
7.313960540245175580e-07
7.973960521579100815e-07
6.793960554951779941e-07
6.913960551557948166e-07
8.773960498953555644e-07
8.933960494428446610e-07
7.031395875848348915e-06
1.259396039091657745e-06
9.413960480853119507e-07
1.085396044012713820e-06
7.107395873698922124e-06
8.793960498387917015e-07
7.165395872058570099e-06
8.013960520447823556e-07
7.167395872002006236e-06
8.113960517619630410e-07
7.151395872454517139e-06
7.131395873020155769e-06
7.773960527235487107e-07
6.433960565133275268e-07
-1.660392482059770732e-08
-1.060392499028929610e-08
8.253960513660160005e-07
7.075395874603943931e-06
9.396074444072074632e-09
7.087395874264560753e-06
7.125395873189847357e-06
7.813960526104209849e-07
-2.603925216544747807e-09
6.893960552123586795e-07
-1.660392482059770732e-08
-2.666039177501148415e-07
7.973960521579100815e-07
-2.060392470746998147e-08
7.233960542507730097e-07
8.513960506306857824e-07
7.253960541942091468e-07
9.853960468409069663e-07
7.833960525538571219e-07
7.233960542507730097e-07
6.753960556083057200e-07
7.023395876074604367e-06
8.993960492731530722e-07
7.163395872115133962e-06
7.513960534588789288e-07
8.053960519316546297e-07
1.055396044861171764e-06
7.167395872002006236e-06
7.513960534588789288e-07
6.633960559476888976e-07
-1.860392476403384439e-08
8.473960507438135083e-07
-1.060392499028929610e-08
7.913960523276016702e-07
7.167395872002006236e-06
7.073395874660507793e-06
7.159395872228261688e-06
1.005396046275268337e-06
7.139395872793900317e-06
8.353960510831966858e-07
-1.460392487716157025e-08
7.353960539113898322e-07
9.273960484812589912e-07
8.313960511963244117e-07
7.161395872171697825e-06
6.493960563436359380e-07
8.113960517619630410e-07
8.093960518185269039e-07
7.165395872058570099e-06
7.153960544770284615e-07
-1.660392482059770732e-08
7.155395872341389413e-06
1.043396045200554941e-06
7.173960544204645985e-07
-2.060392470746998147e-08
7.117395873416102809e-06
6.813960554386141312e-07
7.059395875056454834e-06
1.093396043786458368e-06
7.151395872454517139e-06
7.139395872793900317e-06
7.893960523841655332e-07
7.753960527801125736e-07
7.853960524972932590e-07
9.293960484246951283e-07
7.155395872341389413e-06
7.793960526669848478e-07
6.253960570224022932e-07
1.019396045879321297e-06
1.075396044295533135e-06
-8.603925046853159027e-09
7.167395872002006236e-06
7.157395872284825551e-06
7.173960544204645985e-07
7.103395873812049850e-06
7.593960532326234771e-07
7.135395872907028043e-06
5.993960577577325112e-07
8.193960515357075893e-07
7.149395872511081002e-06
7.213960543073368727e-07
-1.860392476403384439e-08
7.143395872680772591e-06
8.153960516488353151e-07
7.293960540810814210e-07
6.493960563436359380e-07
1.009396046162140611e-06
-2.603925216544747807e-09
7.453960536285705176e-07
7.147395872567644865e-06
7.593960532326234771e-07
7.393960537982621063e-07
7.253960541942091468e-07
8.093960518185269039e-07
7.153960544770284615e-07
7.143395872680772591e-06
-1.460392487716157025e-08
1.097396043673330642e-06
9.853960468409069663e-07
9.753960471237262810e-07
6.433960565133275268e-07
-1.860392476403384439e-08
8.033960519882184927e-07
7.139395872793900317e-06
7.145395872624208728e-06
5.773960583799350034e-07
6.473960564001998010e-07
7.157395872284825551e-06
7.011395876413987544e-06
7.153395872397953276e-06
9.553960476893649102e-07
7.157395872284825551e-06
7.413960537416982434e-07
7.163395872115133962e-06
-1.860392476403384439e-08
-2.460392459434225561e-08
7.145395872624208728e-06
7.129395873076719632e-06
6.019395904469663556e-06
7.129395873076719632e-06
1.135396042598617247e-06
9.393960481418758136e-07
7.159395872228261688e-06
7.111395873585794398e-06
8.273960513094521375e-07
7.167395872002006236e-06
6.833960553820502683e-07
7.137395872850464180e-06
-1.460392487716157025e-08
7.165395872058570099e-06
7.153960544770284615e-07
8.673960501781748790e-07
7.167395872002006236e-06
1.181396041297648399e-06
7.733960528366764366e-07
6.733960556648695829e-07
-2.060392470746998147e-08
7.131395873020155769e-06
7.165395872058570099e-06
-1.060392499028929610e-08
-2.860392448121452976e-08
7.119395873359538946e-06
7.773960527235487107e-07
6.693960557779973088e-07
7.633960531194957512e-07
7.125395873189847357e-06
-2.603925216544747807e-09
7.157395872284825551e-06
7.165395872058570099e-06
7.167395872002006236e-06
7.733960528366764366e-07
7.913960523276016702e-07
-2.060392470746998147e-08
-2.860392448121452976e-08
-6.603925103417021954e-09
7.853960524972932590e-07
1.099396043616766779e-06
7.151395872454517139e-06
8.693960501216110161e-07
9.373960481984396766e-07
7.159395872228261688e-06
6.493960563436359380e-07
1.051396044974299490e-06
7.119395873359538946e-06
8.533960505741219195e-07
7.097395873981741438e-06
-2.660392453777839269e-08
1.091396043843022231e-06
6.273960569658384302e-07
7.159395872228261688e-06
7.673960530063680254e-07
7.099395873925177575e-06
7.633960531194957512e-07
6.073960575314770595e-07
8.313960511963244117e-07
9.313960483681312654e-07
7.139395872793900317e-06
7.153395872397953276e-06
6.253960570224022932e-07
6.533960562305082122e-07
7.023395876074604367e-06
8.193960515357075893e-07
7.033960548164116390e-07
6.113960574183493336e-07
6.933960550992309536e-07
6.853960553254864054e-07
1.063396044634916312e-06
8.513960506306857824e-07
6.673960558345611717e-07
9.533960477459287732e-07
7.161395872171697825e-06
7.157395872284825551e-06
8.733960500084832902e-07
7.053960547598477761e-07
7.165395872058570099e-06
8.353960510831966858e-07
9.573960476328010473e-07
-3.060392442465066683e-08
6.813960554386141312e-07
1.581396029984875814e-06
7.159395872228261688e-06
8.493960506872496454e-07
9.033960491600253463e-07
8.133960517053991780e-07
8.233960514225798634e-07
7.163395872115133962e-06
7.833960525538571219e-07
-4.060392414183135220e-08
8.233960514225798634e-07
9.493960478590564990e-07
7.155395872341389413e-06
6.473960564001998010e-07
1.939607416125276000e-08
8.093960518185269039e-07
6.613960560042527605e-07
-1.460392487716157025e-08
9.813960469540346922e-07
1.396074670327526339e-09
1.053396044917735627e-06
7.103395873812049850e-06
1.171396041580467714e-06
-1.060392499028929610e-08
7.065395874886763245e-06
7.143395872680772591e-06
7.155395872341389413e-06
9.453960479721842249e-07
-2.660392453777839269e-08
7.833960525538571219e-07
4.853960609818726980e-07
8.133960517053991780e-07
7.145395872624208728e-06
9.393960481418758136e-07
7.167395872002006236e-06
7.129395873076719632e-06
-3.060392442465066683e-08
7.173960544204645985e-07
-8.603925046853159027e-09
-4.660392397213976342e-08
9.233960485943867171e-07
7.003395876640242996e-06
8.173960515922714522e-07
7.153395872397953276e-06
7.333960539679536951e-07
8.173960515922714522e-07
7.233960542507730097e-07
1.283396038412891390e-06
8.873960496125362497e-07
6.913960551557948166e-07
7.147395872567644865e-06
7.161395872171697825e-06
8.573960504609941936e-07
7.167395872002006236e-06
-1.260392493372543317e-08
-2.603925216544747807e-09
7.167395872002006236e-06
7.153395872397953276e-06
7.157395872284825551e-06
7.153395872397953276e-06
-2.060392470746998147e-08
-8.603925046853159027e-09
7.017395876244295955e-06
1.153396042089542480e-06
9.313960483681312654e-07
7.163395872115133962e-06
6.053960575880409224e-07
7.167395872002006236e-06
9.453960479721842249e-07
7.157395872284825551e-06
6.633960559476888976e-07
7.167395872002006236e-06
8.773960498953555644e-07
9.453960479721842249e-07
7.153395872397953276e-06
7.333960539679536951e-07
7.077395874547380068e-06
7.373960538548259693e-07
6.981395877262445488e-06
-1.260392493372543317e-08
7.159395872228261688e-06
7.137395872850464180e-06
-3.860392419839521512e-08
-1.060392499028929610e-08
1.247396039431040923e-06
8.033960519882184927e-07
6.973395877488700940e-06
-4.603925159980884881e-09
7.069395874773635519e-06
1.001396046388396063e-06
7.111395873585794398e-06
7.673960530063680254e-07
-2.260392465090611854e-08
5.396074557199800485e-09
7.773960527235487107e-07
6.793960554951779941e-07
7.833960525538571219e-07
6.997395876809934585e-06
7.147395872567644865e-06
-4.603925159980884881e-09
8.493960506872496454e-07
9.113960489337698946e-07
7.145395872624208728e-06
1.055396044861171764e-06
7.155395872341389413e-06
7.453960536285705176e-07
7.167395872002006236e-06
2.939607387843344536e-08
8.753960499519194273e-07
7.153960544770284615e-07
1.013396046049012885e-06
7.119395873359538946e-06
7.163395872115133962e-06
7.353960539113898322e-07
7.129395873076719632e-06
7.145395872624208728e-06
7.157395872284825551e-06
7.113395873529230535e-06
-4.603925159980884881e-09
7.151395872454517139e-06
-2.260392465090611854e-08
-2.260392465090611854e-08
-1.660392482059770732e-08
1.396074670327526339e-09
-1.860392476403384439e-08
7.157395872284825551e-06
6.713960557214334458e-07
7.129395873076719632e-06
8.753960499519194273e-07
-6.039252731086107342e-10
1.261396039035093882e-06
1.021396045822757434e-06
9.396074444072074632e-09
7.137395872850464180e-06
7.125395873189847357e-06
7.149395872511081002e-06
9.133960488772060317e-07
7.453960536285705176e-07
9.193960487075144429e-07
7.167395872002006236e-06
6.853960553254864054e-07
7.151395872454517139e-06
-4.603925159980884881e-09
-1.860392476403384439e-08
-8.603925046853159027e-09
6.353960567395829785e-07
7.137395872850464180e-06
8.653960502347387419e-07
8.833960497256639756e-07
6.893960552123586795e-07
7.163395872115133962e-06
7.141395872737336454e-06
7.167395872002006236e-06
7.693960529498041624e-07
9.833960468974708293e-07
8.193960515357075893e-07
8.213960514791437263e-07
7.157395872284825551e-06
6.953395878054339569e-06
6.853960553254864054e-07
7.353960539113898322e-07
7.167395872002006236e-06
7.135395872907028043e-06
8.653960502347387419e-07
-2.603925216544747807e-09
1.177396041410776125e-06
8.433960508569412341e-07
7.165395872058570099e-06
7.473960535720066546e-07
1.197396040845137496e-06
-6.603925103417021954e-09
8.913960494994085239e-07
-3.060392442465066683e-08
7.193960543639007356e-07
8.133960517053991780e-07
-2.460392459434225561e-08
1.209396040505754319e-06
7.013960548729755019e-07
8.453960508003773712e-07
1.115396043164255876e-06
7.973960521579100815e-07
-1.060392499028929610e-08
8.193960515357075893e-07
7.893960523841655332e-07
7.167395872002006236e-06
7.273960541376452839e-07
6.193960571920938819e-07
9.493960478590564990e-07
1.027396045653065845e-06
7.893960523841655332e-07
8.953960493862807980e-07
-2.260392465090611854e-08
8.573960504609941936e-07
-2.060392470746998147e-08
4.793960611515642868e-07
7.159395872228261688e-06
7.139395872793900317e-06
7.125395873189847357e-06
7.129395873076719632e-06
7.155395872341389413e-06
2.641396000006028463e-06
1.153396042089542480e-06
7.127395873133283494e-06
9.493960478590564990e-07
8.153960516488353151e-07
7.145395872624208728e-06
7.753960527801125736e-07
7.163395872115133962e-06
6.953960550426670907e-07
7.033395875791785052e-06
7.153395872397953276e-06
7.013960548729755019e-07
7.313960540245175580e-07
7.163395872115133962e-06
7.161395872171697825e-06
7.633960531194957512e-07
7.473960535720066546e-07
9.113960489337698946e-07
-3.060392442465066683e-08
7.149395872511081002e-06
1.187396041127956811e-06
8.493960506872496454e-07
6.873960552689225424e-07
-4.603925159980884881e-09
9.213960486509505800e-07
1.277396038582582979e-06
7.173960544204645985e-07
7.353960539113898322e-07
-2.460392459434225561e-08
7.413960537416982434e-07
3.396074613763663412e-09
7.163395872115133962e-06
9.673960473499817327e-07
8.613960503478664678e-07
7.253960541942091468e-07
7.113395873529230535e-06
7.043395875508965737e-06
7.733960528366764366e-07
7.167395872002006236e-06
7.193960543639007356e-07
8.393960509700689600e-07
5.396074557199800485e-09
7.163395872115133962e-06
7.159395872228261688e-06
8.513960506306857824e-07
8.833960497256639756e-07
9.373960481984396766e-07
7.163395872115133962e-06
7.135395872907028043e-06
7.079395874490816205e-06
7.159395872228261688e-06
7.149395872511081002e-06
-1.860392476403384439e-08
6.533960562305082122e-07
8.153960516488353151e-07
6.613960560042527605e-07
7.053960547598477761e-07
6.513960562870720751e-07
-2.660392453777839269e-08
7.973960521579100815e-07
7.153395872397953276e-06
7.161395872171697825e-06
7.151395872454517139e-06
2.539607399156117122e-08
-6.603925103417021954e-09
7.313960540245175580e-07
7.147395872567644865e-06
7.133395872963591906e-06
8.873960496125362497e-07
7.633960531194957512e-07
-1.860392476403384439e-08
7.063395874943327108e-06
5.396074557199800485e-09
7.793960526669848478e-07
8.133960517053991780e-07
6.733960556648695829e-07
9.093960489903337575e-07
6.833960553820502683e-07
1.215396040336062730e-06
7.873960524407293961e-07
7.155395872341389413e-06
9.193960487075144429e-07
8.113960517619630410e-07
7.713960528932402995e-07
7.159395872228261688e-06
7.155395872341389413e-06
7.165395872058570099e-06
7.165395872058570099e-06
9.473960479156203619e-07
5.313960596809038507e-07
-2.460392459434225561e-08
7.147395872567644865e-06
-6.603925103417021954e-09
7.121395873302975083e-06
7.097395873981741438e-06
-3.460392431152294098e-08
7.161395872171697825e-06
1.015396045992449022e-06
7.253960541942091468e-07
7.151395872454517139e-06
6.753960556083057200e-07
7.157395872284825551e-06
8.093960518185269039e-07
8.433960508569412341e-07
7.141395872737336454e-06
9.153960488206421688e-07
7.373960538548259693e-07
7.015395876300859818e-06
9.113960489337698946e-07
7.161395872171697825e-06
5.873960580971156888e-07
7.165395872058570099e-06
7.533960534023150658e-07
7.333960539679536951e-07
8.993960492731530722e-07
7.873960524407293961e-07
8.153960516488353151e-07
7.333960539679536951e-07
8.893960495559723868e-07
7.167395872002006236e-06
7.713960528932402995e-07
6.853960553254864054e-07
8.293960512528882746e-07
7.075395874603943931e-06
7.993960521013462185e-07
6.413960565698913897e-07
7.653960530629318883e-07
7.167395872002006236e-06
7.493960535154427917e-07
7.149395872511081002e-06
-2.603925216544747807e-09
7.413960537416982434e-07
-3.060392442465066683e-08
-8.603925046853159027e-09
7.993960521013462185e-07
9.953960465580876517e-07
7.027395875961476641e-06
8.313960511963244117e-07
9.913960466712153775e-07
7.593960532326234771e-07
-2.460392459434225561e-08
1.123396042938000424e-06
8.113960517619630410e-07
7.473960535720066546e-07
7.173960544204645985e-07
6.953960550426670907e-07
7.193960543639007356e-07
9.133960488772060317e-07
1.035396045426810393e-06
-1.060392499028929610e-08
7.157395872284825551e-06
8.413960509135050971e-07
7.633960531194957512e-07
-1.660392482059770732e-08
7.165395872058570099e-06
7.653960530629318883e-07
8.333960511397605488e-07
6.993960549295393649e-07
8.773960498953555644e-07
8.133960517053991780e-07
7.135395872907028043e-06
6.793960554951779941e-07
8.593960504044303307e-07
1.339607433094434878e-08
7.167395872002006236e-06
7.933960522710378073e-07
7.161395872171697825e-06
7.161395872171697825e-06
7.153395872397953276e-06
7.163395872115133962e-06
7.159395872228261688e-06
7.121395873302975083e-06
5.393960594546483990e-07
7.121395873302975083e-06
8.993960492731530722e-07
7.673960530063680254e-07
8.953960493862807980e-07
6.953960550426670907e-07
7.161395872171697825e-06
7.159395872228261688e-06
7.673960530063680254e-07
7.153395872397953276e-06
1.251396039317913197e-06
7.143395872680772591e-06
-2.060392470746998147e-08
-6.039252731086107342e-10
7.067395874830199382e-06
7.137395872850464180e-06
6.573960561173804863e-07
9.633960474631094585e-07
1.139607438750821170e-08
9.553960476893649102e-07
8.433960508569412341e-07
-3.060392442465066683e-08
7.013960548729755019e-07
7.753960527801125736e-07
7.133960545335923244e-07
-1.060392499028929610e-08
-8.603925046853159027e-09
9.333960483115674024e-07
7.133395872963591906e-06
9.593960475762371844e-07
-1.260392493372543317e-08
1.139607438750821170e-08
8.013960520447823556e-07
6.993960549295393649e-07
7.149395872511081002e-06
7.155395872341389413e-06
1.105396043447075191e-06
7.693960529498041624e-07
9.653960474065455956e-07
-8.603925046853159027e-09
7.075395874603943931e-06
-1.260392493372543317e-08
7.073960547032839132e-07
8.113960517619630410e-07
7.653960530629318883e-07
8.293960512528882746e-07
7.167395872002006236e-06
6.113960574183493336e-07
8.533960505741219195e-07
5.853960581536795517e-07
6.013960577011686483e-07
-1.060392499028929610e-08
7.133395872963591906e-06
7.147395872567644865e-06
7.433960536851343805e-07
7.141395872737336454e-06
8.253960513660160005e-07
8.833960497256639756e-07
7.139395872793900317e-06
8.033960519882184927e-07
7.193960543639007356e-07
7.513960534588789288e-07
6.713960557214334458e-07
8.253960513660160005e-07
7.613960531760596141e-07
7.133395872963591906e-06
7.313960540245175580e-07
9.753960471237262810e-07
1.047396045087427216e-06
7.713960528932402995e-07
9.393960481418758136e-07
9.253960485378228541e-07
8.753960499519194273e-07
-1.660392482059770732e-08
6.613960560042527605e-07
7.167395872002006236e-06
8.653960502347387419e-07
7.873960524407293961e-07
6.133960573617854707e-07
9.733960471802901439e-07
7.553960533457512029e-07
8.493960506872496454e-07
8.613960503478664678e-07
1.083396044069277683e-06
7.873960524407293961e-07
1.133396042655181110e-06
7.167395872002006236e-06
7.233960542507730097e-07
7.793960526669848478e-07
7.233960542507730097e-07
7.143395872680772591e-06
9.313960483681312654e-07
7.153395872397953276e-06
7.873960524407293961e-07
7.153395872397953276e-06
7.105395873755485987e-06
7.145395872624208728e-06
8.053960519316546297e-07
7.493960535154427917e-07
6.753960556083057200e-07
6.833960553820502683e-07
7.127395873133283494e-06
7.163395872115133962e-06
7.153395872397953276e-06
9.013960492165892093e-07
7.141395872737336454e-06
8.073960518750907668e-07
6.907395879355308416e-06
9.373960481984396766e-07
-2.660392453777839269e-08
7.165395872058570099e-06
8.633960502913026049e-07
7.143395872680772591e-06
6.613960560042527605e-07
9.373960481984396766e-07
-2.260392465090611854e-08
7.163395872115133962e-06
8.173960515922714522e-07
7.129395873076719632e-06
7.193960543639007356e-07
1.151396042146106343e-06
8.553960505175580566e-07
6.813960554386141312e-07
8.173960515922714522e-07
9.133960488772060317e-07
7.141395872737336454e-06
8.013960520447823556e-07
1.031396045539938119e-06
8.613960503478664678e-07
9.233960485943867171e-07
7.155395872341389413e-06
6.233960570789661561e-07
8.253960513660160005e-07
8.793960498387917015e-07
6.853960553254864054e-07
7.163395872115133962e-06
7.433960536851343805e-07
-1.060392499028929610e-08
7.163395872115133962e-06
6.053960575880409224e-07
8.273960513094521375e-07
9.233960485943867171e-07
7.159395872228261688e-06
-1.860392476403384439e-08
7.123395873246411220e-06
6.173960572486577449e-07
8.653960502347387419e-07
7.413960537416982434e-07
9.293960484246951283e-07
6.673960558345611717e-07
6.853960553254864054e-07
1.185396041184520674e-06
9.333960483115674024e-07
6.873960552689225424e-07
7.003395876640242996e-06
7.253960541942091468e-07
8.353960510831966858e-07
6.273960569658384302e-07
9.233960485943867171e-07
8.793960498387917015e-07
7.913960523276016702e-07
1.001396046388396063e-06
8.573960504609941936e-07
7.089395874207996890e-06
7.147395872567644865e-06
-2.060392470746998147e-08
6.873960552689225424e-07
7.913960523276016702e-07
7.059395875056454834e-06
7.413960537416982434e-07
-2.460392459434225561e-08
-6.603925103417021954e-09
6.593960560608166234e-07
7.145395872624208728e-06
7.111395873585794398e-06
1.013396046049012885e-06
6.313960568527107044e-07
1.389396035415006655e-06
5.913960579839879629e-07
7.105395873755485987e-06
7.167395872002006236e-06
7.149395872511081002e-06
1.023396045766193571e-06
-2.060392470746998147e-08
7.613960531760596141e-07
6.753960556083057200e-07
7.145395872624208728e-06
7.157395872284825551e-06
8.053960519316546297e-07
7.167395872002006236e-06
7.119395873359538946e-06
-1.260392493372543317e-08
-1.660392482059770732e-08
7.161395872171697825e-06
-8.603925046853159027e-09
8.493960506872496454e-07
7.373960538548259693e-07
9.173960487640783058e-07
7.131395873020155769e-06
8.093960518185269039e-07
9.113960489337698946e-07
9.693960472934178697e-07
1.125396042881436561e-06
7.163395872115133962e-06
7.147395872567644865e-06
1.457396033491835316e-06
7.077395874547380068e-06
9.233960485943867171e-07
-3.060392442465066683e-08
7.145395872624208728e-06
7.933960522710378073e-07
7.101395873868613713e-06
8.033960519882184927e-07
6.013960577011686483e-07
8.413960509135050971e-07
7.055395875169582560e-06
7.157395872284825551e-06
-2.603925216544747807e-09
7.333960539679536951e-07
8.253960513660160005e-07
7.853960524972932590e-07
7.155395872341389413e-06
-1.260392493372543317e-08
9.153960488206421688e-07
6.993960549295393649e-07
7.147395872567644865e-06
6.985395877149317762e-06
1.093396043786458368e-06
1.089396043899586094e-06
9.353960482550035395e-07
7.123395873246411220e-06
7.813960526104209849e-07
1.171396041580467714e-06
7.163395872115133962e-06
7.853960524972932590e-07
7.135395872907028043e-06
7.107395873698922124e-06
8.933960494428446610e-07
7.493960535154427917e-07
6.313960568527107044e-07
7.393960537982621063e-07
1.173396041523903851e-06
7.135395872907028043e-06
8.293960512528882746e-07
8.253960513660160005e-07
7.473960535720066546e-07
7.125395873189847357e-06
7.093395874094869164e-06
-2.060392470746998147e-08
7.153395872397953276e-06
7.147395872567644865e-06
8.493960506872496454e-07
7.833960525538571219e-07
9.913960466712153775e-07
7.133960545335923244e-07
1.013396046049012885e-06
7.161395872171697825e-06
-1.060392499028929610e-08
9.396074444072074632e-09
8.153960516488353151e-07
8.033960519882184927e-07
7.593960532326234771e-07
6.253960570224022932e-07
7.433960536851343805e-07
9.453960479721842249e-07
7.139395872793900317e-06
7.433960536851343805e-07
7.141395872737336454e-06
7.673960530063680254e-07
7.413960537416982434e-07
7.113395873529230535e-06
8.993960492731530722e-07
7.153395872397953276e-06
6.453960564567636639e-07
1.193396040958265222e-06
7.733960528366764366e-07
5.396074557199800485e-09
7.153395872397953276e-06
9.953960465580876517e-07
8.313960511963244117e-07
8.293960512528882746e-07
7.493960535154427917e-07
7.151395872454517139e-06
7.155395872341389413e-06
7.533960534023150658e-07
6.953960550426670907e-07
-1.060392499028929610e-08
8.813960497822278385e-07
6.967395877658392529e-06
1.865396021952807279e-06
8.813960497822278385e-07
7.131395873020155769e-06
7.165395872058570099e-06
-1.460392487716157025e-08
7.873960524407293961e-07
6.773960555517418571e-07
8.013960520447823556e-07
7.733960528366764366e-07
6.273960569658384302e-07
8.213960514791437263e-07
7.413960537416982434e-07
7.513960534588789288e-07
8.473960507438135083e-07
6.393960566264552527e-07
7.053960547598477761e-07
-2.660392453777839269e-08
5.953960578708602371e-07
6.913960551557948166e-07
1.027396045653065845e-06
8.233960514225798634e-07
7.853960524972932590e-07
7.123395873246411220e-06
7.145395872624208728e-06
8.173960515922714522e-07
-1.460392487716157025e-08
-8.603925046853159027e-09
7.157395872284825551e-06
6.213960571355300190e-07
7.153395872397953276e-06
8.333960511397605488e-07
-1.660392482059770732e-08
7.111395873585794398e-06
1.103396043503639054e-06
7.129395873076719632e-06
7.973960521579100815e-07
7.053395875226146423e-06
7.141395872737336454e-06
7.133960545335923244e-07
9.013960492165892093e-07
1.031396045539938119e-06
7.373960538548259693e-07
7.973960521579100815e-07
7.061395874999890971e-06
9.073960490468976205e-07
9.353960482550035395e-07
7.873960524407293961e-07
7.233960542507730097e-07
7.149395872511081002e-06
-2.260392465090611854e-08
-2.060392470746998147e-08
7.163395872115133962e-06
1.019396045879321297e-06
-2.260392465090611854e-08
7.633960531194957512e-07
7.147395872567644865e-06
9.673960473499817327e-07
7.353960539113898322e-07
7.653960530629318883e-07
-2.660392453777839269e-08
3.857395965615199380e-06
7.135395872907028043e-06
9.213960486509505800e-07
9.853960468409069663e-07
9.393960481418758136e-07
7.031395875848348915e-06
7.047395875395838012e-06
7.151395872454517139e-06
1.353396036433156188e-06
7.653960530629318883e-07
7.973960521579100815e-07
9.573960476328010473e-07
8.373960510266328229e-07
6.373960566830191156e-07
9.413960480853119507e-07
7.153395872397953276e-06
7.143395872680772591e-06
8.353960510831966858e-07
7.155395872341389413e-06
7.893960523841655332e-07
7.693960529498041624e-07
8.253960513660160005e-07
7.813960526104209849e-07
-2.603925216544747807e-09
1.645396028174832200e-06
8.873960496125362497e-07
7.117395873416102809e-06
-8.603925046853159027e-09
6.833960553820502683e-07
9.793960470105985551e-07
7.167395872002006236e-06
7.143395872680772591e-06
7.157395872284825551e-06
8.153960516488353151e-07
6.033960576446047854e-07
1.123396042938000424e-06
7.593960532326234771e-07
8.253960513660160005e-07
7.167395872002006236e-06
-3.060392442465066683e-08
8.293960512528882746e-07
-2.860392448121452976e-08
6.233960570789661561e-07
9.373960481984396766e-07
6.273960569658384302e-07
8.813960497822278385e-07
8.313960511963244117e-07
7.373960538548259693e-07
9.853960468409069663e-07
7.153395872397953276e-06
-2.260392465090611854e-08
1.293396038130072076e-06
7.313960540245175580e-07
7.163395872115133962e-06
7.713960528932402995e-07
-1.260392493372543317e-08
9.593960475762371844e-07
7.159395872228261688e-06
9.233960485943867171e-07
7.073960547032839132e-07
5.993960577577325112e-07
9.233960485943867171e-07
7.139395872793900317e-06
8.473960507438135083e-07
9.413960480853119507e-07
7.113960545901561873e-07
9.053960491034614834e-07
7.157395872284825551e-06
3.396074613763663412e-09
8.053960519316546297e-07
7.137395872850464180e-06
7.993960521013462185e-07
8.993960492731530722e-07
7.135395872907028043e-06
7.113395873529230535e-06
-2.260392465090611854e-08
7.101395873868613713e-06
-1.060392499028929610e-08
1.029396045596501982e-06
5.533960590587013585e-07
7.133395872963591906e-06
-1.260392493372543317e-08
7.119395873359538946e-06
7.161395872171697825e-06
6.693960557779973088e-07
6.433960565133275268e-07
7.163395872115133962e-06
-8.603925046853159027e-09
8.073960518750907668e-07
8.033960519882184927e-07
7.813960526104209849e-07
8.153960516488353151e-07
7.133395872963591906e-06
7.167395872002006236e-06
1.129396042768308836e-06
8.133960517053991780e-07
7.097395873981741438e-06
7.153395872397953276e-06
7.165395872058570099e-06
2.339607404812503414e-08
1.383396035584698244e-06
7.253960541942091468e-07
8.593960504044303307e-07
7.163395872115133962e-06
-1.260392493372543317e-08
1.396074670327526339e-09
7.113960545901561873e-07
8.333960511397605488e-07
7.073960547032839132e-07
7.143395872680772591e-06
-1.860392476403384439e-08
7.593960532326234771e-07
7.533960534023150658e-07
7.153395872397953276e-06
7.155395872341389413e-06
8.033960519882184927e-07
8.393960509700689600e-07
7.149395872511081002e-06
6.253960570224022932e-07
1.015396045992449022e-06
7.161395872171697825e-06
9.333960483115674024e-07
6.353960567395829785e-07
7.353960539113898322e-07
7.119395873359538946e-06
7.163395872115133962e-06
7.155395872341389413e-06
7.133395872963591906e-06
7.113960545901561873e-07
7.161395872171697825e-06
6.853960553254864054e-07
9.773960470671624180e-07
8.593960504044303307e-07
7.073395874660507793e-06
7.165395872058570099e-06
7.493960535154427917e-07
7.167395872002006236e-06
7.513960534588789288e-07
9.053960491034614834e-07
7.143395872680772591e-06
8.093960518185269039e-07
8.193960515357075893e-07
7.233960542507730097e-07
1.265396038921966157e-06
7.159395872228261688e-06
7.149395872511081002e-06
8.473960507438135083e-07
7.147395872567644865e-06
-4.603925159980884881e-09
7.157395872284825551e-06
7.873960524407293961e-07
7.173960544204645985e-07
-1.660392482059770732e-08
7.693960529498041624e-07
7.151395872454517139e-06
1.939607416125276000e-08
7.155395872341389413e-06
8.173960515922714522e-07
7.155395872341389413e-06
7.149395872511081002e-06
7.163395872115133962e-06
8.233960514225798634e-07
7.393960537982621063e-07
8.133960517053991780e-07
7.141395872737336454e-06
7.167395872002006236e-06
7.973960521579100815e-07
7.396074500635937558e-09
5.073960603596702058e-07
7.233960542507730097e-07
6.013960577011686483e-07
7.119395873359538946e-06
7.167395872002006236e-06
7.453960536285705176e-07
8.573960504609941936e-07
7.147395872567644865e-06
7.147395872567644865e-06
-2.060392470746998147e-08
7.733960528366764366e-07
7.001395876696806859e-06
5.393960594546483990e-07
7.165395872058570099e-06
7.161395872171697825e-06
7.353960539113898322e-07
6.693960557779973088e-07
6.813960554386141312e-07
1.155396042032978618e-06
1.019396045879321297e-06
8.653960502347387419e-07
7.167395872002006236e-06
7.953960522144739444e-07
9.033960491600253463e-07
7.313960540245175580e-07
6.913960551557948166e-07
8.073960518750907668e-07
8.093960518185269039e-07
7.253960541942091468e-07
-1.260392493372543317e-08
7.107395873698922124e-06
6.933960550992309536e-07
6.273960569658384302e-07
7.013960548729755019e-07
8.633960502913026049e-07
7.125395873189847357e-06
1.043396045200554941e-06
1.025396045709629708e-06
9.233960485943867171e-07
1.019396045879321297e-06
7.161395872171697825e-06
7.167395872002006236e-06
7.167395872002006236e-06
-2.460392459434225561e-08
7.353960539113898322e-07
1.305396037790688898e-06
7.393960537982621063e-07
8.653960502347387419e-07
6.693960557779973088e-07
-2.260392465090611854e-08
7.091395874151433027e-06
7.157395872284825551e-06
-2.060392470746998147e-08
7.165395872058570099e-06
8.853960496691001127e-07
8.273960513094521375e-07
8.073960518750907668e-07
1.039396045313682667e-06
8.753960499519194273e-07
9.353960482550035395e-07
6.833960553820502683e-07
7.153395872397953276e-06
7.121395873302975083e-06
8.733960500084832902e-07
9.396074444072074632e-09
8.133960517053991780e-07
-6.039252731086107342e-10
7.155395872341389413e-06
-2.060392470746998147e-08
9.213960486509505800e-07
9.393960481418758136e-07
7.083395874377688479e-06
7.713960528932402995e-07
1.105396043447075191e-06
-1.460392487716157025e-08
-2.060392470746998147e-08
7.973960521579100815e-07
7.105395873755485987e-06
6.753960556083057200e-07
9.173960487640783058e-07
6.133960573617854707e-07
-1.060392499028929610e-08
1.396074670327526339e-09
8.313960511963244117e-07
-2.603925216544747807e-09
7.513960534588789288e-07
7.153395872397953276e-06
5.413960593980845361e-07
7.157395872284825551e-06
6.553960561739443493e-07
-3.660392425495907805e-08
7.493960535154427917e-07
7.121395873302975083e-06
7.135395872907028043e-06
7.133395872963591906e-06
7.165395872058570099e-06
-1.660392482059770732e-08
-2.660392453777839269e-08
1.939607416125276000e-08
8.453960508003773712e-07
9.213960486509505800e-07
-8.603925046853159027e-09
1.069396044465224723e-06
6.793960554951779941e-07
7.513960534588789288e-07
7.553960533457512029e-07
7.157395872284825551e-06
7.165395872058570099e-06
7.793960526669848478e-07
7.163395872115133962e-06
1.019396045879321297e-06
-1.060392499028929610e-08
8.153960516488353151e-07
7.593960532326234771e-07
7.713960528932402995e-07
8.973960493297169351e-07
7.853960524972932590e-07
8.873960496125362497e-07
8.873960496125362497e-07
8.093960518185269039e-07
7.161395872171697825e-06
6.113960574183493336e-07
7.573960532891873400e-07
7.139395872793900317e-06
6.997395876809934585e-06
6.813960554386141312e-07
-1.260392493372543317e-08
8.353960510831966858e-07
7.161395872171697825e-06
7.157395872284825551e-06
6.973960549861032278e-07
1.013396046049012885e-06
7.131395873020155769e-06
7.123395873246411220e-06
-1.660392482059770732e-08
7.155395872341389413e-06
9.033960491600253463e-07
7.127395873133283494e-06
6.653960558911250346e-07
8.113960517619630410e-07
6.813960554386141312e-07
9.693960472934178697e-07
8.793960498387917015e-07
-1.260392493372543317e-08
7.533960534023150658e-07
7.131395873020155769e-06
1.243396039544168649e-06
7.165395872058570099e-06
7.233960542507730097e-07
-1.860392476403384439e-08
7.213960543073368727e-07
7.119395873359538946e-06
7.159395872228261688e-06
7.147395872567644865e-06
-2.603925216544747807e-09
7.773960527235487107e-07
7.131395873020155769e-06
1.161396041863287029e-06
7.159395872228261688e-06
7.993960521013462185e-07
7.093960546467200502e-07
6.613960560042527605e-07
8.493960506872496454e-07
9.193960487075144429e-07
7.653960530629318883e-07
6.493960563436359380e-07
9.173960487640783058e-07
6.773960555517418571e-07
7.167395872002006236e-06
7.159395872228261688e-06
8.413960509135050971e-07
8.713960500650471532e-07
1.153396042089542480e-06
-4.660392397213976342e-08
6.113960574183493336e-07
1.396074670327526339e-09
7.373960538548259693e-07
-1.060392499028929610e-08
7.733960528366764366e-07
8.213960514791437263e-07
-1.660392482059770732e-08
7.853960524972932590e-07
8.733960500084832902e-07
7.155395872341389413e-06
7.159395872228261688e-06
7.139395872793900317e-06
9.093960489903337575e-07
7.213960543073368727e-07
1.143396042372361795e-06
6.893960552123586795e-07
7.145395872624208728e-06
7.163395872115133962e-06
6.933960550992309536e-07
8.533960505741219195e-07
7.873960524407293961e-07
7.653960530629318883e-07
7.653960530629318883e-07
7.673960530063680254e-07
8.513960506306857824e-07
6.973960549861032278e-07
-6.039252731086107342e-10
8.773960498953555644e-07
7.117395873416102809e-06
7.127395873133283494e-06
7.159395872228261688e-06
-2.260392465090611854e-08
7.105395873755485987e-06
7.093960546467200502e-07
7.533960534023150658e-07
7.061395874999890971e-06
-3.060392442465066683e-08
3.396074613763663412e-09
7.099395873925177575e-06
8.813960497822278385e-07
7.167395872002006236e-06
9.653960474065455956e-07
7.633960531194957512e-07
7.333960539679536951e-07
7.073960547032839132e-07
7.165395872058570099e-06
-3.060392442465066683e-08
7.133960545335923244e-07
1.117396043107692013e-06
7.153395872397953276e-06
7.137395872850464180e-06
7.353960539113898322e-07
8.393960509700689600e-07
7.103395873812049850e-06
2.027396017371134381e-06
7.161395872171697825e-06
-8.603925046853159027e-09
8.893960495559723868e-07
7.161395872171697825e-06
7.673960530063680254e-07
8.653960502347387419e-07
8.273960513094521375e-07
6.973960549861032278e-07
7.151395872454517139e-06
8.993960492731530722e-07
8.273960513094521375e-07
9.396074444072074632e-09
8.273960513094521375e-07
-3.460392431152294098e-08
-2.060392470746998147e-08
7.129395873076719632e-06
7.793960526669848478e-07
-1.660392482059770732e-08
-1.060392499028929610e-08
7.157395872284825551e-06
-1.860392476403384439e-08
-1.060392499028929610e-08
7.713960528932402995e-07
7.139395872793900317e-06
8.473960507438135083e-07
9.413960480853119507e-07
7.105395873755485987e-06
9.253960485378228541e-07
7.913960523276016702e-07
8.773960498953555644e-07
8.293960512528882746e-07
9.033960491600253463e-07
8.533960505741219195e-07
-6.603925103417021954e-09
8.413960509135050971e-07
9.193960487075144429e-07
7.117395873416102809e-06
7.573960532891873400e-07
9.673960473499817327e-07
7.123395873246411220e-06
8.573960504609941936e-07
7.159395872228261688e-06
8.613960503478664678e-07
7.167395872002006236e-06
7.071395874717071656e-06
-2.060392470746998147e-08
9.073960490468976205e-07
8.393960509700689600e-07
-6.603925103417021954e-09
7.073960547032839132e-07
9.233960485943867171e-07
7.593960532326234771e-07
9.093960489903337575e-07
7.097395873981741438e-06
9.893960467277792405e-07
7.167395872002006236e-06
6.173960572486577449e-07
7.083395874377688479e-06
5.433960593415206732e-07
7.139395872793900317e-06
7.161395872171697825e-06
5.573960589455736327e-07
6.033960576446047854e-07
9.053960491034614834e-07
7.147395872567644865e-06
7.071395874717071656e-06
7.253960541942091468e-07
1.307396037734125035e-06
7.143395872680772591e-06
7.413960537416982434e-07
7.159395872228261688e-06
7.163395872115133962e-06
7.147395872567644865e-06
7.145395872624208728e-06
7.133395872963591906e-06
6.773960555517418571e-07
9.453960479721842249e-07
7.009395876470551407e-06
7.137395872850464180e-06
9.393960481418758136e-07
8.633960502913026049e-07
-2.603925216544747807e-09
7.513960534588789288e-07
7.135395872907028043e-06
7.133960545335923244e-07
8.073960518750907668e-07
8.253960513660160005e-07
7.077395874547380068e-06
1.396074670327526339e-09
6.933960550992309536e-07
7.733960528366764366e-07
9.953960465580876517e-07
6.413960565698913897e-07
7.157395872284825551e-06
5.396074557199800485e-09
7.673960530063680254e-07
7.149395872511081002e-06
8.193960515357075893e-07
6.893960552123586795e-07
7.103395873812049850e-06
7.105395873755485987e-06
7.253960541942091468e-07
1.311396037620997309e-06
-4.603925159980884881e-09
7.813960526104209849e-07
7.773960527235487107e-07
9.393960481418758136e-07
1.539607427438048585e-08
8.293960512528882746e-07
1.325396037225050269e-06
7.159395872228261688e-06
7.165395872058570099e-06
8.813960497822278385e-07
7.121395873302975083e-06
-2.603925216544747807e-09
7.165395872058570099e-06
9.173960487640783058e-07
1.539607427438048585e-08
7.553960533457512029e-07
7.573960532891873400e-07
9.233960485943867171e-07
5.573960589455736327e-07
7.163395872115133962e-06
-1.460392487716157025e-08
8.533960505741219195e-07
7.159395872228261688e-06
7.393960537982621063e-07
7.133960545335923244e-07
8.073960518750907668e-07
7.167395872002006236e-06
7.163395872115133962e-06
7.173960544204645985e-07
7.033960548164116390e-07
7.157395872284825551e-06
7.165395872058570099e-06
8.653960502347387419e-07
9.753960471237262810e-07
7.101395873868613713e-06
9.073960490468976205e-07
3.396074613763663412e-09
8.973960493297169351e-07
7.135395872907028043e-06
7.083395874377688479e-06
9.933960466146515146e-07
8.973960493297169351e-07
7.613960531760596141e-07
-2.603925216544747807e-09
8.653960502347387419e-07
7.753960527801125736e-07
7.753960527801125736e-07
7.167395872002006236e-06
7.933960522710378073e-07
8.673960501781748790e-07
7.133395872963591906e-06
7.153960544770284615e-07
8.733960500084832902e-07
1.003396046331832200e-06
5.573960589455736327e-07
7.165395872058570099e-06
-1.260392493372543317e-08
7.993960521013462185e-07
7.633960531194957512e-07
7.813960526104209849e-07
8.973960493297169351e-07
8.873960496125362497e-07
7.393960537982621063e-07
-8.603925046853159027e-09
8.113960517619630410e-07
9.753960471237262810e-07
1.005396046275268337e-06
8.413960509135050971e-07
9.396074444072074632e-09
1.107396043390511328e-06
-2.260392465090611854e-08
8.073960518750907668e-07
8.513960506306857824e-07
1.021396045822757434e-06
7.149395872511081002e-06
8.873960496125362497e-07
7.139395872793900317e-06
7.155395872341389413e-06
7.833960525538571219e-07
7.109395873642358261e-06
7.433960536851343805e-07
9.396074444072074632e-09
7.121395873302975083e-06
9.473960479156203619e-07
8.793960498387917015e-07
6.973960549861032278e-07
-2.460392459434225561e-08
7.131395873020155769e-06
7.313960540245175580e-07
7.135395872907028043e-06
6.353960567395829785e-07
1.155396042032978618e-06
8.813960497822278385e-07
7.061395874999890971e-06
7.165395872058570099e-06
6.813960554386141312e-07
7.155395872341389413e-06
7.173960544204645985e-07
7.633960531194957512e-07
8.893960495559723868e-07
9.593960475762371844e-07
6.033960576446047854e-07
-6.603925103417021954e-09
7.133395872963591906e-06
7.913960523276016702e-07
6.533960562305082122e-07
8.593960504044303307e-07
7.193960543639007356e-07
7.165395872058570099e-06
7.149395872511081002e-06
7.373960538548259693e-07
7.396074500635937558e-09
7.141395872737336454e-06
7.933960522710378073e-07
8.113960517619630410e-07
-2.060392470746998147e-08
7.099395873925177575e-06
7.593960532326234771e-07
6.533960562305082122e-07
1.199396040788573633e-06
-1.260392493372543317e-08
7.071395874717071656e-06
7.163395872115133962e-06
7.159395872228261688e-06
1.023396045766193571e-06
-1.260392493372543317e-08
8.913960494994085239e-07
7.153395872397953276e-06
8.093960518185269039e-07
-2.603925216544747807e-09
-3.460392431152294098e-08
9.473960479156203619e-07
8.593960504044303307e-07
7.077395874547380068e-06
7.161395872171697825e-06
8.153960516488353151e-07
-4.603925159980884881e-09
6.153960573052216078e-07
8.973960493297169351e-07
9.313960483681312654e-07
6.593960560608166234e-07
1.067396044521788586e-06
8.293960512528882746e-07
7.053395875226146423e-06
7.157395872284825551e-06
9.793960470105985551e-07
7.573960532891873400e-07
1.396074670327526339e-09
7.167395872002006236e-06
7.141395872737336454e-06
1.079396044182405409e-06
1.141396042428925658e-06
8.253960513660160005e-07
8.553960505175580566e-07
7.135395872907028043e-06
8.513960506306857824e-07
-2.603925216544747807e-09
8.673960501781748790e-07
-6.603925103417021954e-09
-1.060392499028929610e-08
9.513960478024926361e-07
8.553960505175580566e-07
8.673960501781748790e-07
8.333960511397605488e-07
7.133395872963591906e-06
8.833960497256639756e-07
8.693960501216110161e-07
7.081395874434252342e-06
7.163395872115133962e-06
7.613960531760596141e-07
7.149395872511081002e-06
7.111395873585794398e-06
5.893960580405518258e-07
7.161395872171697825e-06
6.933960550992309536e-07
8.353960510831966858e-07
-2.260392465090611854e-08
-6.039252731086107342e-10
7.135395872907028043e-06
7.073960547032839132e-07
7.157395872284825551e-06
7.155395872341389413e-06
1.019396045879321297e-06
7.165395872058570099e-06
7.165395872058570099e-06
7.173960544204645985e-07
1.055396044861171764e-06
7.163395872115133962e-06
6.593960560608166234e-07
7.163395872115133962e-06
6.153960573052216078e-07
7.137395872850464180e-06
7.167395872002006236e-06
7.053960547598477761e-07
7.167395872002006236e-06
1.107396043390511328e-06
-1.460392487716157025e-08
1.009396046162140611e-06
7.055395875169582560e-06
1.147396042259234069e-06
7.089395874207996890e-06
7.553960533457512029e-07
1.101396043560202917e-06
-1.260392493372543317e-08
7.137395872850464180e-06
-2.860392448121452976e-08
8.713960500650471532e-07
1.387396035471570518e-06
7.155395872341389413e-06
-6.603925103417021954e-09
7.133395872963591906e-06
7.153395872397953276e-06
6.993960549295393649e-07
7.313960540245175580e-07
7.083395874377688479e-06
7.129395873076719632e-06
-2.460392459434225561e-08
8.813960497822278385e-07
6.873960552689225424e-07
8.033960519882184927e-07
7.413960537416982434e-07
7.233960542507730097e-07
7.993960521013462185e-07
7.157395872284825551e-06
7.139395872793900317e-06
-8.603925046853159027e-09
7.151395872454517139e-06
7.167395872002006236e-06
7.793960526669848478e-07
7.473960535720066546e-07
8.413960509135050971e-07
8.693960501216110161e-07
7.163395872115133962e-06
7.396074500635937558e-09
6.213960571355300190e-07
7.109395873642358261e-06
3.396074613763663412e-09
9.593960475762371844e-07
9.213960486509505800e-07
8.173960515922714522e-07
9.153960488206421688e-07
7.153960544770284615e-07
5.396074557199800485e-09
7.151395872454517139e-06
7.143395872680772591e-06
-2.260392465090611854e-08
7.161395872171697825e-06
7.045395875452401874e-06
8.293960512528882746e-07
-1.660392482059770732e-08
6.613960560042527605e-07
8.773960498953555644e-07
6.733960556648695829e-07
7.103395873812049850e-06
7.163395872115133962e-06
7.593960532326234771e-07
7.163395872115133962e-06
6.233960570789661561e-07
1.539607427438048585e-08
1.067396044521788586e-06
9.813960469540346922e-07
6.093960574749131966e-07
-2.660392453777839269e-08
8.093960518185269039e-07
9.396074444072074632e-09
7.973960521579100815e-07
8.073960518750907668e-07
8.073960518750907668e-07
8.133960517053991780e-07
8.573960504609941936e-07
7.149395872511081002e-06
1.021396045822757434e-06
7.157395872284825551e-06
-6.603925103417021954e-09
9.033960491600253463e-07
7.139395872793900317e-06
1.107396043390511328e-06
-2.060392470746998147e-08
7.163395872115133962e-06
-4.603925159980884881e-09
9.733960471802901439e-07
1.225396040053243415e-06
9.433960480287480878e-07
7.213960543073368727e-07
6.953960550426670907e-07
8.233960514225798634e-07
9.213960486509505800e-07
7.753960527801125736e-07
7.095395874038305301e-06
7.633960531194957512e-07
-1.260392493372543317e-08
7.089395874207996890e-06
7.159395872228261688e-06
8.513960506306857824e-07
1.177396041410776125e-06
6.373960566830191156e-07
7.087395874264560753e-06
8.073960518750907668e-07
7.157395872284825551e-06
-2.603925216544747807e-09
7.165395872058570099e-06
8.913960494994085239e-07
7.141395872737336454e-06
8.153960516488353151e-07
6.513960562870720751e-07
1.065396044578352449e-06
7.853960524972932590e-07
7.163395872115133962e-06
7.613960531760596141e-07
8.033960519882184927e-07
7.111395873585794398e-06
8.793960498387917015e-07
7.155395872341389413e-06
-6.039252731086107342e-10
7.133395872963591906e-06
7.117395873416102809e-06
7.513960534588789288e-07
6.413960565698913897e-07
9.333960483115674024e-07
-2.460392459434225561e-08
7.033960548164116390e-07
7.473960535720066546e-07
8.233960514225798634e-07
7.653960530629318883e-07
1.083396044069277683e-06
7.167395872002006236e-06
7.151395872454517139e-06
6.433960565133275268e-07
7.433960536851343805e-07
1.077396044238969272e-06
7.163395872115133962e-06
7.313960540245175580e-07
8.113960517619630410e-07
1.101396043560202917e-06
7.953960522144739444e-07
5.396074557199800485e-09
7.153395872397953276e-06
7.953960522144739444e-07
7.533960534023150658e-07
7.149395872511081002e-06
8.853960496691001127e-07
8.493960506872496454e-07
-2.060392470746998147e-08
7.773960527235487107e-07
7.161395872171697825e-06
8.173960515922714522e-07
-1.260392493372543317e-08
1.017396045935885159e-06
-2.060392470746998147e-08
6.813960554386141312e-07
1.001396046388396063e-06
7.155395872341389413e-06
7.953960522144739444e-07
7.151395872454517139e-06
8.373960510266328229e-07
8.273960513094521375e-07
7.165395872058570099e-06
9.053960491034614834e-07
7.125395873189847357e-06
-1.060392499028929610e-08
-1.660392482059770732e-08
8.693960501216110161e-07
7.159395872228261688e-06
7.853960524972932590e-07
8.173960515922714522e-07
7.153395872397953276e-06
7.165395872058570099e-06
6.493960563436359380e-07
-1.860392476403384439e-08
7.159395872228261688e-06
-2.060392470746998147e-08
8.593960504044303307e-07
9.153960488206421688e-07
-8.603925046853159027e-09
7.035395875735221189e-06
7.065395874886763245e-06
6.773960555517418571e-07
7.853960524972932590e-07
7.553960533457512029e-07
8.173960515922714522e-07
6.853960553254864054e-07
7.033960548164116390e-07
7.165395872058570099e-06
8.313960511963244117e-07
6.893960552123586795e-07
7.131395873020155769e-06
7.753960527801125736e-07
7.161395872171697825e-06
7.165395872058570099e-06
7.163395872115133962e-06
9.093960489903337575e-07
7.101395873868613713e-06
7.733960528366764366e-07
8.133960517053991780e-07
5.293960597374677137e-07
7.163395872115133962e-06
7.159395872228261688e-06
7.873960524407293961e-07
9.853960468409069663e-07
7.159395872228261688e-06
7.933960522710378073e-07
7.141395872737336454e-06
6.933960550992309536e-07
6.953960550426670907e-07
7.139395872793900317e-06
7.077395874547380068e-06
7.493960535154427917e-07
7.153960544770284615e-07
7.139395872793900317e-06
7.155395872341389413e-06
-2.603925216544747807e-09
7.167395872002006236e-06
7.163395872115133962e-06
9.393960481418758136e-07
7.135395872907028043e-06
1.039396045313682667e-06
7.773960527235487107e-07
7.653960530629318883e-07
-3.460392431152294098e-08
-4.603925159980884881e-09
7.139395872793900317e-06
7.159395872228261688e-06
1.033396045483374256e-06
8.133960517053991780e-07
8.073960518750907668e-07
1.001396046388396063e-06
7.155395872341389413e-06
3.396074613763663412e-09
-2.060392470746998147e-08
9.393960481418758136e-07
8.453960508003773712e-07
7.157395872284825551e-06
9.013960492165892093e-07
5.833960582102434146e-07
5.793960583233711405e-07
9.853960468409069663e-07
6.733960556648695829e-07
6.033960576446047854e-07
9.553960476893649102e-07
8.033960519882184927e-07
7.165395872058570099e-06
7.053960547598477761e-07
6.493960563436359380e-07
-8.603925046853159027e-09
7.165395872058570099e-06
-2.060392470746998147e-08
7.103395873812049850e-06
7.793960526669848478e-07
7.085395874321124616e-06
7.149395872511081002e-06
7.313960540245175580e-07
7.157395872284825551e-06
1.857396022179062730e-06
-6.603925103417021954e-09
7.167395872002006236e-06
8.393960509700689600e-07
8.533960505741219195e-07
7.137395872850464180e-06
7.029395875904912778e-06
7.167395872002006236e-06
8.173960515922714522e-07
8.073960518750907668e-07
7.333960539679536951e-07
9.293960484246951283e-07
7.913960523276016702e-07
6.313960568527107044e-07
7.155395872341389413e-06
-1.660392482059770732e-08
-4.603925159980884881e-09
7.953960522144739444e-07
7.373960538548259693e-07
7.159395872228261688e-06
7.733960528366764366e-07
7.145395872624208728e-06
-1.060392499028929610e-08
-1.460392487716157025e-08
7.167395872002006236e-06
7.159395872228261688e-06
7.083395874377688479e-06
1.001396046388396063e-06
8.653960502347387419e-07
-2.260392465090611854e-08
1.415396034679676437e-06
-1.660392482059770732e-08
7.353960539113898322e-07
7.141395872737336454e-06
8.293960512528882746e-07
7.133395872963591906e-06
7.147395872567644865e-06
8.333960511397605488e-07
7.149395872511081002e-06
1.539607427438048585e-08
8.293960512528882746e-07
9.173960487640783058e-07
6.813960554386141312e-07
-1.060392499028929610e-08
7.133395872963591906e-06
7.161395872171697825e-06
7.833960525538571219e-07
6.973395877488700940e-06
8.573960504609941936e-07
1.396074670327526339e-09
7.133395872963591906e-06
5.493960591718290844e-07
1.189396041071392948e-06
7.393960537982621063e-07
7.139395872793900317e-06
7.069395874773635519e-06
9.396074444072074632e-09
9.213960486509505800e-07
7.151395872454517139e-06
7.107395873698922124e-06
7.513960534588789288e-07
7.119395873359538946e-06
9.473960479156203619e-07
-2.060392470746998147e-08
7.135395872907028043e-06
7.165395872058570099e-06
7.873960524407293961e-07
-1.260392493372543317e-08
-2.060392470746998147e-08
7.165395872058570099e-06
7.105395873755485987e-06
7.493960535154427917e-07
7.165395872058570099e-06
7.033960548164116390e-07
8.013960520447823556e-07
6.993395876923062311e-06
9.753960471237262810e-07
7.713960528932402995e-07
9.253960485378228541e-07
7.493960535154427917e-07
7.155395872341389413e-06
8.573960504609941936e-07
7.533960534023150658e-07
7.145395872624208728e-06
-3.260392436808680390e-08
7.117395873416102809e-06
7.393960537982621063e-07
7.147395872567644865e-06
6.253960570224022932e-07
8.693960501216110161e-07
6.813960554386141312e-07
7.753960527801125736e-07
-2.660392453777839269e-08
7.033960548164116390e-07
7.117395873416102809e-06
7.077395874547380068e-06
8.113960517619630410e-07
7.913960523276016702e-07
7.165395872058570099e-06
-2.603925216544747807e-09
1.011396046105576748e-06
-1.060392499028929610e-08
6.753960556083057200e-07
1.255396039204785471e-06
7.073395874660507793e-06
7.167395872002006236e-06
8.373960510266328229e-07
7.055395875169582560e-06
7.313960540245175580e-07
8.593960504044303307e-07
7.413960537416982434e-07
-2.460392459434225561e-08
6.453960564567636639e-07
6.453960564567636639e-07
-2.060392470746998147e-08
7.553960533457512029e-07
8.853960496691001127e-07
8.753960499519194273e-07
6.833960553820502683e-07
1.073396044352096998e-06
1.177396041410776125e-06
8.613960503478664678e-07
7.033960548164116390e-07
7.141395872737336454e-06
8.173960515922714522e-07
9.753960471237262810e-07
-1.260392493372543317e-08
1.051396044974299490e-06
7.633960531194957512e-07
8.733960500084832902e-07
8.173960515922714522e-07
7.131395873020155769e-06
8.333960511397605488e-07
7.753960527801125736e-07
7.083395874377688479e-06
9.093960489903337575e-07
7.133395872963591906e-06
8.073960518750907668e-07
8.033960519882184927e-07
7.159395872228261688e-06
8.813960497822278385e-07
7.141395872737336454e-06
7.151395872454517139e-06
7.135395872907028043e-06
7.151395872454517139e-06
7.163395872115133962e-06
7.373960538548259693e-07
7.143395872680772591e-06
8.373960510266328229e-07
-8.603925046853159027e-09
7.157395872284825551e-06
9.273960484812589912e-07
8.073960518750907668e-07
8.513960506306857824e-07
9.993960464449599258e-07
7.573960532891873400e-07
7.133395872963591906e-06
7.149395872511081002e-06
1.021396045822757434e-06
7.573960532891873400e-07
8.333960511397605488e-07
8.313960511963244117e-07
7.165395872058570099e-06
7.143395872680772591e-06
6.573960561173804863e-07
7.165395872058570099e-06
8.053960519316546297e-07
7.151395872454517139e-06
8.293960512528882746e-07
1.021396045822757434e-06
7.553960533457512029e-07
7.113395873529230535e-06
7.077395874547380068e-06
7.109395873642358261e-06
5.393960594546483990e-07
-3.460392431152294098e-08
-2.060392470746998147e-08
8.593960504044303307e-07
7.165395872058570099e-06
-6.603925103417021954e-09
7.873960524407293961e-07
7.011395876413987544e-06
7.473960535720066546e-07
8.473960507438135083e-07
7.165395872058570099e-06
7.165395872058570099e-06
7.473960535720066546e-07
7.167395872002006236e-06
6.139607297341163853e-08
5.493960591718290844e-07
7.097395873981741438e-06
7.157395872284825551e-06
8.713960500650471532e-07
-1.660392482059770732e-08
7.137395872850464180e-06
-6.603925103417021954e-09
8.953960493862807980e-07
3.396074613763663412e-09
7.453960536285705176e-07
7.493960535154427917e-07
9.213960486509505800e-07
6.333960567961468415e-07
8.893960495559723868e-07
7.069395874773635519e-06
8.293960512528882746e-07
-8.603925046853159027e-09
7.693960529498041624e-07
7.053960547598477761e-07
6.313960568527107044e-07
7.137395872850464180e-06
7.233960542507730097e-07
7.149395872511081002e-06
8.353960510831966858e-07
7.493960535154427917e-07
7.167395872002006236e-06
7.073395874660507793e-06
7.159395872228261688e-06
8.933960494428446610e-07
7.159395872228261688e-06
8.613960503478664678e-07
6.533960562305082122e-07
8.493960506872496454e-07
7.873960524407293961e-07
7.121395873302975083e-06
1.025396045709629708e-06
7.153960544770284615e-07
-2.260392465090611854e-08
7.145395872624208728e-06
-2.660392453777839269e-08
6.893960552123586795e-07
1.219396040222935004e-06
6.333960567961468415e-07
7.393960537982621063e-07
7.493960535154427917e-07
7.167395872002006236e-06
7.013960548729755019e-07
7.153960544770284615e-07
-1.460392487716157025e-08
-1.460392487716157025e-08
7.953960522144739444e-07
7.149395872511081002e-06
1.065396044578352449e-06
9.653960474065455956e-07
6.573960561173804863e-07
7.933960522710378073e-07
7.173960544204645985e-07
7.139395872793900317e-06
5.373960595112122619e-07
7.163395872115133962e-06
8.433960508569412341e-07
1.029396045596501982e-06
7.333960539679536951e-07
7.139395872793900317e-06
-4.460392402870362634e-08
7.095395874038305301e-06
7.353960539113898322e-07
7.973960521579100815e-07
-1.860392476403384439e-08
8.113960517619630410e-07
-3.660392425495907805e-08
6.973960549861032278e-07
7.853960524972932590e-07
7.115395873472666672e-06
9.413960480853119507e-07
8.433960508569412341e-07
7.333960539679536951e-07
7.167395872002006236e-06
8.133960517053991780e-07
7.139395872793900317e-06
7.093395874094869164e-06
7.153395872397953276e-06
6.713960557214334458e-07
6.793960554951779941e-07
7.155395872341389413e-06
-2.260392465090611854e-08
1.035396045426810393e-06
1.019396045879321297e-06
5.953960578708602371e-07
8.873960496125362497e-07
7.161395872171697825e-06
6.113960574183493336e-07
7.893960523841655332e-07
-1.260392493372543317e-08
7.161395872171697825e-06
-6.603925103417021954e-09
-8.603925046853159027e-09
9.733960471802901439e-07
7.973960521579100815e-07
-3.860392419839521512e-08
7.593960532326234771e-07
-4.603925159980884881e-09
-1.860392476403384439e-08
7.513960534588789288e-07
9.293960484246951283e-07
-3.060392442465066683e-08
8.933960494428446610e-07
1.029396045596501982e-06
7.027395875961476641e-06
9.853960468409069663e-07
8.313960511963244117e-07
7.145395872624208728e-06
9.713960472368540068e-07
8.793960498387917015e-07
1.396074670327526339e-09
7.151395872454517139e-06
8.153960516488353151e-07
7.167395872002006236e-06
7.165395872058570099e-06
7.753960527801125736e-07
7.033960548164116390e-07
7.153395872397953276e-06
5.973960578142963741e-07
1.017396045935885159e-06
-1.460392487716157025e-08
-1.860392476403384439e-08
8.073960518750907668e-07
-2.060392470746998147e-08
7.653960530629318883e-07
8.833960497256639756e-07
6.213960571355300190e-07
7.167395872002006236e-06
6.553960561739443493e-07
7.139395872793900317e-06
6.853960553254864054e-07
7.155395872341389413e-06
-1.460392487716157025e-08
8.573960504609941936e-07
8.273960513094521375e-07
8.493960506872496454e-07
8.573960504609941936e-07
7.155395872341389413e-06
7.017395876244295955e-06
9.113960489337698946e-07
8.153960516488353151e-07
7.145395872624208728e-06
6.673960558345611717e-07
1.265396038921966157e-06
7.173960544204645985e-07
7.153395872397953276e-06
9.993960464449599258e-07
7.133395872963591906e-06
1.739607421781662292e-08
7.145395872624208728e-06
9.813960469540346922e-07
7.109395873642358261e-06
7.167395872002006236e-06
7.163395872115133962e-06
7.153960544770284615e-07
-1.860392476403384439e-08
-1.460392487716157025e-08
7.159395872228261688e-06
6.493960563436359380e-07
7.145395872624208728e-06
9.193960487075144429e-07
7.167395872002006236e-06
7.073960547032839132e-07
8.393960509700689600e-07
7.163395872115133962e-06
7.141395872737336454e-06
8.453960508003773712e-07
7.099395873925177575e-06
7.149395872511081002e-06
8.273960513094521375e-07
7.157395872284825551e-06
7.413960537416982434e-07
7.155395872341389413e-06
8.653960502347387419e-07
6.613960560042527605e-07
7.396074500635937558e-09
-2.460392459434225561e-08
7.165395872058570099e-06
7.111395873585794398e-06
7.573960532891873400e-07
6.653960558911250346e-07
6.633960559476888976e-07
7.161395872171697825e-06
8.113960517619630410e-07
7.153395872397953276e-06
-2.860392448121452976e-08
7.163395872115133962e-06
7.149395872511081002e-06
7.093395874094869164e-06
7.145395872624208728e-06
7.733960528366764366e-07
7.773960527235487107e-07
9.713960472368540068e-07
7.147395872567644865e-06
-1.860392476403384439e-08
1.055396044861171764e-06
9.193960487075144429e-07
7.159395872228261688e-06
7.155395872341389413e-06
1.057396044804607901e-06
-3.660392425495907805e-08
7.253960541942091468e-07
-8.603925046853159027e-09
7.123395873246411220e-06
6.093960574749131966e-07
9.513960478024926361e-07
6.693960557779973088e-07
6.193960571920938819e-07
1.045396045143991079e-06
9.433960480287480878e-07
7.031395875848348915e-06
7.141395872737336454e-06
7.097395873981741438e-06
7.233960542507730097e-07
6.693960557779973088e-07
7.161395872171697825e-06
-3.060392442465066683e-08
6.333960567961468415e-07
7.073960547032839132e-07
7.333960539679536951e-07
6.533960562305082122e-07
7.167395872002006236e-06
8.873960496125362497e-07
7.141395872737336454e-06
7.147395872567644865e-06
7.513960534588789288e-07
7.453960536285705176e-07
-1.660392482059770732e-08
7.121395873302975083e-06
6.473960564001998010e-07
7.133395872963591906e-06
8.333960511397605488e-07
7.119395873359538946e-06
7.165395872058570099e-06
7.143395872680772591e-06
8.753960499519194273e-07
7.157395872284825551e-06
7.117395873416102809e-06
8.273960513094521375e-07
7.433960536851343805e-07
8.133960517053991780e-07
7.673960530063680254e-07
6.693960557779973088e-07
8.353960510831966858e-07
7.165395872058570099e-06
7.079395874490816205e-06
6.153960573052216078e-07
7.107395873698922124e-06
9.693960472934178697e-07
7.139395872793900317e-06
9.013960492165892093e-07
6.613960560042527605e-07
7.513960534588789288e-07
8.653960502347387419e-07
7.137395872850464180e-06
7.123395873246411220e-06
-1.260392493372543317e-08
1.077396044238969272e-06
7.153395872397953276e-06
7.151395872454517139e-06
-6.039252731086107342e-10
7.031395875848348915e-06
7.125395873189847357e-06
6.473960564001998010e-07
9.396074444072074632e-09
8.113960517619630410e-07
-2.060392470746998147e-08
7.153395872397953276e-06
1.115396043164255876e-06
-1.460392487716157025e-08
7.813960526104209849e-07
8.513960506306857824e-07
7.167395872002006236e-06
1.223396040109807278e-06
7.153395872397953276e-06
7.107395873698922124e-06
9.153960488206421688e-07
7.913960523276016702e-07
7.893960523841655332e-07
7.145395872624208728e-06
9.396074444072074632e-09
7.155395872341389413e-06
7.161395872171697825e-06
-2.260392465090611854e-08
9.833960468974708293e-07
9.713960472368540068e-07
6.233960570789661561e-07
9.953960465580876517e-07
8.113960517619630410e-07
1.396074670327526339e-09
-1.060392499028929610e-08
7.167395872002006236e-06
7.155395872341389413e-06
7.973960521579100815e-07
8.893960495559723868e-07
8.453960508003773712e-07
7.433960536851343805e-07
7.633960531194957512e-07
6.213960571355300190e-07
7.473960535720066546e-07
8.073960518750907668e-07
7.193960543639007356e-07
8.373960510266328229e-07
8.253960513660160005e-07
7.117395873416102809e-06
7.163395872115133962e-06
8.793960498387917015e-07
7.141395872737336454e-06
7.093960546467200502e-07
7.165395872058570099e-06
6.993960549295393649e-07
7.973960521579100815e-07
7.065395874886763245e-06
7.161395872171697825e-06
7.127395873133283494e-06
7.107395873698922124e-06
1.396074670327526339e-09
7.137395872850464180e-06
6.133960573617854707e-07
6.853960553254864054e-07
7.161395872171697825e-06
7.161395872171697825e-06
1.271396038752274568e-06
7.017395876244295955e-06
7.953960522144739444e-07
-1.260392493372543317e-08
8.533960505741219195e-07
-1.260392493372543317e-08
8.013960520447823556e-07
8.793960498387917015e-07
7.533960534023150658e-07
-2.060392470746998147e-08
7.513960534588789288e-07
8.473960507438135083e-07
-1.660392482059770732e-08
7.167395872002006236e-06
-1.260392493372543317e-08
7.135395872907028043e-06
7.513960534588789288e-07
6.513960562870720751e-07
1.029396045596501982e-06
8.713960500650471532e-07
1.331396037055358680e-06
7.159395872228261688e-06
-6.603925103417021954e-09
7.145395872624208728e-06
-1.860392476403384439e-08
7.993960521013462185e-07
7.149395872511081002e-06
7.155395872341389413e-06
9.833960468974708293e-07
7.145395872624208728e-06
8.173960515922714522e-07
7.313960540245175580e-07
7.099395873925177575e-06
8.873960496125362497e-07
7.153395872397953276e-06
9.793960470105985551e-07
7.163395872115133962e-06
7.163395872115133962e-06
9.593960475762371844e-07
-3.260392436808680390e-08
9.513960478024926361e-07
8.913960494994085239e-07
7.133960545335923244e-07
5.396074557199800485e-09
-6.603925103417021954e-09
6.913960551557948166e-07
7.913960523276016702e-07
-1.260392493372543317e-08
9.093960489903337575e-07
7.155395872341389413e-06
9.633960474631094585e-07
3.396074613763663412e-09
7.019395876187732093e-06
7.733960528366764366e-07
-1.460392487716157025e-08
7.161395872171697825e-06
6.673960558345611717e-07
7.167395872002006236e-06
6.413960565698913897e-07
8.373960510266328229e-07
-1.660392482059770732e-08
8.053960519316546297e-07
7.089395874207996890e-06
1.123396042938000424e-06
-1.860392476403384439e-08
8.833960497256639756e-07
1.087396043956149957e-06
7.065395874886763245e-06
6.967395877658392529e-06
7.161395872171697825e-06
8.113960517619630410e-07
7.373960538548259693e-07
7.853960524972932590e-07
-3.260392436808680390e-08
7.061395874999890971e-06
8.693960501216110161e-07
9.333960483115674024e-07
9.373960481984396766e-07
8.553960505175580566e-07
1.079396044182405409e-06
7.095395874038305301e-06
8.213960514791437263e-07
6.433960565133275268e-07
8.473960507438135083e-07
7.273960541376452839e-07
8.493960506872496454e-07
8.633960502913026049e-07
7.151395872454517139e-06
7.733960528366764366e-07
8.033960519882184927e-07
7.127395873133283494e-06
-6.039252731086107342e-10
7.163395872115133962e-06
7.733960528366764366e-07
7.513960534588789288e-07
-1.860392476403384439e-08
8.633960502913026049e-07
7.043395875508965737e-06
9.273960484812589912e-07
-4.860392391557590049e-08
-1.460392487716157025e-08
7.167395872002006236e-06
7.673960530063680254e-07
1.003396046331832200e-06
7.153960544770284615e-07
8.653960502347387419e-07
6.953960550426670907e-07
7.453960536285705176e-07
8.373960510266328229e-07
9.973960465015237888e-07
7.167395872002006236e-06
-2.603925216544747807e-09
7.473960535720066546e-07
7.673960530063680254e-07
7.167395872002006236e-06
7.151395872454517139e-06
7.133395872963591906e-06
-1.660392482059770732e-08
8.993960492731530722e-07
-1.060392499028929610e-08
7.147395872567644865e-06
7.167395872002006236e-06
7.165395872058570099e-06
8.453960508003773712e-07
-6.603925103417021954e-09
7.137395872850464180e-06
9.073960490468976205e-07
7.453960536285705176e-07
8.933960494428446610e-07
6.273960569658384302e-07
8.113960517619630410e-07
1.787396024158797933e-06
7.145395872624208728e-06
-4.603925159980884881e-09
7.119395873359538946e-06
6.113960574183493336e-07
8.973960493297169351e-07
7.119395873359538946e-06
7.151395872454517139e-06
-1.060392499028929610e-08
7.145395872624208728e-06
1.325396037225050269e-06
7.157395872284825551e-06
-7.486039041182238761e-07
8.973960493297169351e-07
8.453960508003773712e-07
7.143395872680772591e-06
7.113960545901561873e-07
9.313960483681312654e-07
7.023395876074604367e-06
6.793960554951779941e-07
8.373960510266328229e-07
7.125395873189847357e-06
-2.660392453777839269e-08
7.165395872058570099e-06
1.195396040901701359e-06
1.009396046162140611e-06
8.753960499519194273e-07
7.045395875452401874e-06
6.965395877714956392e-06
1.099396043616766779e-06
3.396074613763663412e-09
8.433960508569412341e-07
5.853960581536795517e-07
7.253960541942091468e-07
-2.260392465090611854e-08
1.237396039713860238e-06
8.393960509700689600e-07
7.129395873076719632e-06
5.753960584364988663e-07
7.161395872171697825e-06
7.773960527235487107e-07
9.873960467843431034e-07
9.633960474631094585e-07
7.753960527801125736e-07
7.153960544770284615e-07
7.533960534023150658e-07
7.853960524972932590e-07
8.753960499519194273e-07
7.123395873246411220e-06
-1.660392482059770732e-08
7.159395872228261688e-06
7.913960523276016702e-07
-2.260392465090611854e-08
7.127395873133283494e-06
7.273960541376452839e-07
6.413960565698913897e-07
1.587396029815184225e-06
8.313960511963244117e-07
8.153960516488353151e-07
8.313960511963244117e-07
7.167395872002006236e-06
7.149395872511081002e-06
-8.603925046853159027e-09
7.773960527235487107e-07
9.493960478590564990e-07
8.993960492731530722e-07
7.151395872454517139e-06
7.165395872058570099e-06
5.593960588890097697e-07
7.165395872058570099e-06
7.157395872284825551e-06
7.153395872397953276e-06
8.713960500650471532e-07
7.155395872341389413e-06
8.433960508569412341e-07
7.165395872058570099e-06
6.913960551557948166e-07
6.133960573617854707e-07
7.069395874773635519e-06
8.393960509700689600e-07
8.073960518750907668e-07
9.833960468974708293e-07
7.115395873472666672e-06
7.087395874264560753e-06
1.023396045766193571e-06
7.167395872002006236e-06
7.073960547032839132e-07
6.953960550426670907e-07
7.137395872850464180e-06
7.139395872793900317e-06
6.633960559476888976e-07
6.973960549861032278e-07
7.159395872228261688e-06
8.833960497256639756e-07
7.097395873981741438e-06
7.165395872058570099e-06
8.113960517619630410e-07
7.157395872284825551e-06
8.213960514791437263e-07
8.933960494428446610e-07
5.753960584364988663e-07
7.293960540810814210e-07
7.125395873189847357e-06
7.109395873642358261e-06
8.633960502913026049e-07
7.163395872115133962e-06
7.153395872397953276e-06
6.833960553820502683e-07
7.373960538548259693e-07
1.049396045030863353e-06
7.137395872850464180e-06
-1.260392493372543317e-08
7.121395873302975083e-06
6.913960551557948166e-07
1.396074670327526339e-09
7.165395872058570099e-06
6.353960567395829785e-07
8.013960520447823556e-07
1.011396046105576748e-06
7.167395872002006236e-06
5.733960584930627293e-07
7.115395873472666672e-06
7.001395876696806859e-06
7.121395873302975083e-06
7.653960530629318883e-07
7.129395873076719632e-06
1.025396045709629708e-06
7.001395876696806859e-06
8.573960504609941936e-07
8.893960495559723868e-07
-1.260392493372543317e-08
-3.260392436808680390e-08
7.157395872284825551e-06
7.159395872228261688e-06
9.373960481984396766e-07
7.653960530629318883e-07
8.993960492731530722e-07
8.113960517619630410e-07
8.653960502347387419e-07
6.453960564567636639e-07
8.073960518750907668e-07
7.031395875848348915e-06
8.353960510831966858e-07
7.413960537416982434e-07
7.163395872115133962e-06
7.151395872454517139e-06
7.613960531760596141e-07
7.117395873416102809e-06
6.393960566264552527e-07
-1.460392487716157025e-08
7.135395872907028043e-06
7.953960522144739444e-07
7.159395872228261688e-06
7.153960544770284615e-07
1.167396041693595440e-06
-4.603925159980884881e-09
8.273960513094521375e-07
7.833960525538571219e-07
-4.260392408526748927e-08
7.143395872680772591e-06
7.123395873246411220e-06
8.773960498953555644e-07
-1.460392487716157025e-08
7.373960538548259693e-07
6.553960561739443493e-07
7.149395872511081002e-06
6.913960551557948166e-07
1.029396045596501982e-06
9.673960473499817327e-07
8.773960498953555644e-07
8.113960517619630410e-07
7.157395872284825551e-06
7.773960527235487107e-07
7.139395872793900317e-06
7.099395873925177575e-06
7.129395873076719632e-06
7.333960539679536951e-07
9.153960488206421688e-07
8.473960507438135083e-07
7.083395874377688479e-06
6.793960554951779941e-07
9.396074444072074632e-09
7.953960522144739444e-07
-6.603925103417021954e-09
7.633960531194957512e-07
7.115395873472666672e-06
8.473960507438135083e-07
-2.860392448121452976e-08
-2.260392465090611854e-08
1.396074670327526339e-09
-2.860392448121452976e-08
7.913960523276016702e-07
7.157395872284825551e-06
7.137395872850464180e-06
1.125396042881436561e-06
7.121395873302975083e-06
7.159395872228261688e-06
8.313960511963244117e-07
7.213960543073368727e-07
-2.660392453777839269e-08
9.593960475762371844e-07
8.893960495559723868e-07
7.105395873755485987e-06
-1.460392487716157025e-08
1.001396046388396063e-06
7.453960536285705176e-07
7.413960537416982434e-07
5.753960584364988663e-07
-8.603925046853159027e-09
7.051395875282710286e-06
-2.660392453777839269e-08
8.853960496691001127e-07
7.161395872171697825e-06
6.313960568527107044e-07
7.157395872284825551e-06
6.373960566830191156e-07
-3.460392431152294098e-08
7.015395876300859818e-06
1.175396041467339988e-06
7.893960523841655332e-07
7.973960521579100815e-07
7.333960539679536951e-07
7.013960548729755019e-07
9.293960484246951283e-07
7.693960529498041624e-07
9.093960489903337575e-07
7.151395872454517139e-06
-1.060392499028929610e-08
-6.603925103417021954e-09
8.413960509135050971e-07
-2.860392448121452976e-08
7.513960534588789288e-07
7.167395872002006236e-06
7.159395872228261688e-06
1.403396035019059615e-06
9.693960472934178697e-07
7.813960526104209849e-07
8.293960512528882746e-07
6.433960565133275268e-07
6.873960552689225424e-07
7.161395872171697825e-06
7.233960542507730097e-07
7.127395873133283494e-06
7.159395872228261688e-06
6.633960559476888976e-07
9.213960486509505800e-07
7.213960543073368727e-07
7.165395872058570099e-06
9.393960481418758136e-07
7.159395872228261688e-06
7.133395872963591906e-06
-3.260392436808680390e-08
7.165395872058570099e-06
8.553960505175580566e-07
1.039396045313682667e-06
7.673960530063680254e-07
7.087395874264560753e-06
6.873960552689225424e-07
7.115395873472666672e-06
6.133960573617854707e-07
7.129395873076719632e-06
-1.460392487716157025e-08
7.167395872002006236e-06
1.049396045030863353e-06
8.633960502913026049e-07
9.453960479721842249e-07
7.133395872963591906e-06
7.149395872511081002e-06
7.161395872171697825e-06
7.089395874207996890e-06
7.139395872793900317e-06
7.127395873133283494e-06
6.253960570224022932e-07
7.113960545901561873e-07
-2.260392465090611854e-08
8.213960514791437263e-07
8.573960504609941936e-07
7.047395875395838012e-06
7.633960531194957512e-07
7.157395872284825551e-06
7.353960539113898322e-07
7.773960527235487107e-07
7.373960538548259693e-07
8.173960515922714522e-07
9.213960486509505800e-07
7.633960531194957512e-07
7.393960537982621063e-07
-2.060392470746998147e-08
8.593960504044303307e-07
7.396074500635937558e-09
7.165395872058570099e-06
7.213960543073368727e-07
6.893960552123586795e-07
7.159395872228261688e-06
9.253960485378228541e-07
7.073960547032839132e-07
7.137395872850464180e-06
7.113395873529230535e-06
6.233960570789661561e-07
7.141395872737336454e-06
7.159395872228261688e-06
7.165395872058570099e-06
1.009396046162140611e-06
6.133960573617854707e-07
-2.660392453777839269e-08
7.157395872284825551e-06
6.973960549861032278e-07
7.129395873076719632e-06
1.079396044182405409e-06
7.055395875169582560e-06
7.049395875339274149e-06
7.137395872850464180e-06
7.233960542507730097e-07
7.155395872341389413e-06
7.813960526104209849e-07
7.673960530063680254e-07
7.089395874207996890e-06
8.473960507438135083e-07
7.653960530629318883e-07
-1.060392499028929610e-08
7.125395873189847357e-06
7.143395872680772591e-06
9.073960490468976205e-07
8.313960511963244117e-07
6.493960563436359380e-07
8.893960495559723868e-07
7.993960521013462185e-07
7.149395872511081002e-06
7.067395874830199382e-06
7.157395872284825551e-06
-8.603925046853159027e-09
7.159395872228261688e-06
7.067395874830199382e-06
7.001395876696806859e-06
9.353960482550035395e-07
7.051395875282710286e-06
7.159395872228261688e-06
-2.660392453777839269e-08
7.293960540810814210e-07
9.213960486509505800e-07
9.333960483115674024e-07
7.553960533457512029e-07
7.139395872793900317e-06
6.969395877601828666e-06
1.423396034453420985e-06
8.133960517053991780e-07
7.133395872963591906e-06
6.673960558345611717e-07
8.133960517053991780e-07
7.161395872171697825e-06
7.153395872397953276e-06
9.393960481418758136e-07
9.213960486509505800e-07
-1.060392499028929610e-08
8.413960509135050971e-07
7.167395872002006236e-06
7.633960531194957512e-07
8.693960501216110161e-07
7.155395872341389413e-06
7.573960532891873400e-07
8.093960518185269039e-07
8.013960520447823556e-07
7.693960529498041624e-07
8.513960506306857824e-07
7.333960539679536951e-07
7.141395872737336454e-06
7.121395873302975083e-06
-2.460392459434225561e-08
9.693960472934178697e-07
-1.460392487716157025e-08
9.653960474065455956e-07
1.019396045879321297e-06
8.813960497822278385e-07
7.167395872002006236e-06
8.393960509700689600e-07
7.157395872284825551e-06
9.853960468409069663e-07
7.693960529498041624e-07
-1.660392482059770732e-08
7.393960537982621063e-07
7.165395872058570099e-06
6.927395878789669787e-06
7.155395872341389413e-06
7.149395872511081002e-06
7.953960522144739444e-07
7.873960524407293961e-07
1.053396044917735627e-06
7.083395874377688479e-06
7.151395872454517139e-06
9.533960477459287732e-07
7.113960545901561873e-07
8.033960519882184927e-07
7.153395872397953276e-06
7.147395872567644865e-06
8.253960513660160005e-07
7.141395872737336454e-06
9.913960466712153775e-07
9.753960471237262810e-07
1.093396043786458368e-06
-2.060392470746998147e-08
7.143395872680772591e-06
1.629396028627343104e-06
-2.660392453777839269e-08
7.091395874151433027e-06
-1.660392482059770732e-08
8.733960500084832902e-07
7.293960540810814210e-07
8.973960493297169351e-07
9.873960467843431034e-07
6.973960549861032278e-07
8.633960502913026049e-07
8.573960504609941936e-07
7.157395872284825551e-06
-1.460392487716157025e-08
8.333960511397605488e-07
-6.603925103417021954e-09
8.333960511397605488e-07
8.853960496691001127e-07
6.753960556083057200e-07
7.165395872058570099e-06
7.147395872567644865e-06
7.933960522710378073e-07
7.149395872511081002e-06
7.157395872284825551e-06
7.135395872907028043e-06
7.107395873698922124e-06
6.985395877149317762e-06
5.533960590587013585e-07
7.393960537982621063e-07
9.993960464449599258e-07
7.113395873529230535e-06
7.049395875339274149e-06
8.093960518185269039e-07
9.633960474631094585e-07
7.081395874434252342e-06
7.145395872624208728e-06
8.073960518750907668e-07
8.193960515357075893e-07
-4.603925159980884881e-09
8.533960505741219195e-07
7.155395872341389413e-06
6.633960559476888976e-07
1.209396040505754319e-06
8.833960497256639756e-07
8.233960514225798634e-07
1.219396040222935004e-06
6.313960568527107044e-07
-3.260392436808680390e-08
8.493960506872496454e-07
8.733960500084832902e-07
7.103395873812049850e-06
8.393960509700689600e-07
7.151395872454517139e-06
7.031395875848348915e-06
7.151395872454517139e-06
7.131395873020155769e-06
9.713960472368540068e-07
7.396074500635937558e-09
7.853960524972932590e-07
-3.860392419839521512e-08
7.753960527801125736e-07
9.133960488772060317e-07
1.159396041919850892e-06
7.141395872737336454e-06
9.413960480853119507e-07
9.173960487640783058e-07
8.653960502347387419e-07
8.213960514791437263e-07
7.095395874038305301e-06
7.653960530629318883e-07
1.103396043503639054e-06
7.813960526104209849e-07
7.139395872793900317e-06
1.011396046105576748e-06
7.141395872737336454e-06
5.853960581536795517e-07
7.159395872228261688e-06
7.127395873133283494e-06
6.453960564567636639e-07
8.473960507438135083e-07
9.493960478590564990e-07
7.433960536851343805e-07
8.913960494994085239e-07
7.053960547598477761e-07
1.057396044804607901e-06
7.813960526104209849e-07
6.713960557214334458e-07
-1.460392487716157025e-08
7.333960539679536951e-07
7.373960538548259693e-07
6.593960560608166234e-07
6.253960570224022932e-07
7.133395872963591906e-06
-8.603925046853159027e-09
8.833960497256639756e-07
-6.603925103417021954e-09
7.913960523276016702e-07
8.193960515357075893e-07
8.673960501781748790e-07
-1.060392499028929610e-08
8.073960518750907668e-07
-1.060392499028929610e-08
7.159395872228261688e-06
7.873960524407293961e-07
9.933960466146515146e-07
-8.603925046853159027e-09
9.396074444072074632e-09
7.813960526104209849e-07
7.163395872115133962e-06
6.313960568527107044e-07
-2.460392459434225561e-08
1.025396045709629708e-06
8.233960514225798634e-07
-6.603925103417021954e-09
-3.060392442465066683e-08
6.933960550992309536e-07
7.149395872511081002e-06
6.553960561739443493e-07
7.103395873812049850e-06
7.159395872228261688e-06
7.167395872002006236e-06
7.147395872567644865e-06
8.793960498387917015e-07
7.143395872680772591e-06
7.139395872793900317e-06
7.113960545901561873e-07
8.013960520447823556e-07
7.025395876018040504e-06
8.293960512528882746e-07
7.993960521013462185e-07
-8.603925046853159027e-09
-2.603925216544747807e-09
7.145395872624208728e-06
7.031395875848348915e-06
7.753960527801125736e-07
8.313960511963244117e-07
7.065395874886763245e-06
7.673960530063680254e-07
8.753960499519194273e-07
-1.860392476403384439e-08
1.007396046218704474e-06
9.533960477459287732e-07
7.793960526669848478e-07
7.373960538548259693e-07
7.413960537416982434e-07
7.139395872793900317e-06
8.153960516488353151e-07
-1.060392499028929610e-08
7.553960533457512029e-07
1.396074670327526339e-09
7.167395872002006236e-06
7.373960538548259693e-07
7.153395872397953276e-06
8.573960504609941936e-07
-8.603925046853159027e-09
9.113960489337698946e-07
7.141395872737336454e-06
7.019395876187732093e-06
8.813960497822278385e-07
5.733960584930627293e-07
-1.060392499028929610e-08
-3.060392442465066683e-08
3.396074613763663412e-09
-3.660392425495907805e-08
1.113396043220819739e-06
-4.603925159980884881e-09
7.157395872284825551e-06
1.007396046218704474e-06
6.713960557214334458e-07
8.573960504609941936e-07
7.163395872115133962e-06
7.163395872115133962e-06
6.993960549295393649e-07
7.135395872907028043e-06
6.013960577011686483e-07
7.063395874943327108e-06
7.061395874999890971e-06
7.713960528932402995e-07
7.067395874830199382e-06
7.373960538548259693e-07
7.613960531760596141e-07
7.125395873189847357e-06
6.793960554951779941e-07
6.853960553254864054e-07
7.139395872793900317e-06
-1.660392482059770732e-08
7.973960521579100815e-07
8.693960501216110161e-07
7.133395872963591906e-06
7.793960526669848478e-07
9.053960491034614834e-07
7.353960539113898322e-07
7.573960532891873400e-07
7.075395874603943931e-06
-1.126603893427653783e-06
7.161395872171697825e-06
-2.460392459434225561e-08
1.089396043899586094e-06
6.793960554951779941e-07
7.019395876187732093e-06
6.913960551557948166e-07
7.133960545335923244e-07
8.013960520447823556e-07
9.273960484812589912e-07
7.163395872115133962e-06
-1.260392493372543317e-08
7.813960526104209849e-07
7.233960542507730097e-07
8.473960507438135083e-07
5.633960587758820439e-07
8.293960512528882746e-07
7.139395872793900317e-06
-2.060392470746998147e-08
1.071396044408660860e-06
6.373960566830191156e-07
7.165395872058570099e-06
8.633960502913026049e-07
8.853960496691001127e-07
9.853960468409069663e-07
-2.260392465090611854e-08
7.853960524972932590e-07
1.005396046275268337e-06
7.493960535154427917e-07
8.633960502913026049e-07
7.127395873133283494e-06
7.433960536851343805e-07
7.093395874094869164e-06
7.015395876300859818e-06
7.159395872228261688e-06
-6.603925103417021954e-09
7.773960527235487107e-07
7.145395872624208728e-06
-2.603925216544747807e-09
-1.860392476403384439e-08
7.051395875282710286e-06
6.773960555517418571e-07
7.033960548164116390e-07
9.493960478590564990e-07
7.091395874151433027e-06
8.173960515922714522e-07
6.893960552123586795e-07
7.153395872397953276e-06
-6.603925103417021954e-09
8.133960517053991780e-07
7.953960522144739444e-07
7.113395873529230535e-06
7.163395872115133962e-06
6.373960566830191156e-07
7.155395872341389413e-06
7.413960537416982434e-07
7.793960526669848478e-07
6.913960551557948166e-07
9.053960491034614834e-07
9.473960479156203619e-07
7.051395875282710286e-06
7.111395873585794398e-06
7.163395872115133962e-06
1.029396045596501982e-06
7.273960541376452839e-07
7.553960533457512029e-07
7.473960535720066546e-07
-1.660392482059770732e-08
7.147395872567644865e-06
9.773960470671624180e-07
1.139607438750821170e-08
7.091395874151433027e-06
7.089395874207996890e-06
8.033960519882184927e-07
7.143395872680772591e-06
1.031396045539938119e-06
8.413960509135050971e-07
5.413960593980845361e-07
7.373960538548259693e-07
7.001395876696806859e-06
9.493960478590564990e-07
8.353960510831966858e-07
7.159395872228261688e-06
7.159395872228261688e-06
7.853960524972932590e-07
1.025396045709629708e-06
7.161395872171697825e-06
7.165395872058570099e-06
6.493960563436359380e-07
6.873960552689225424e-07
7.155395872341389413e-06
6.853960553254864054e-07
6.853960553254864054e-07
7.143395872680772591e-06
6.573960561173804863e-07
7.121395873302975083e-06
7.165395872058570099e-06
8.393960509700689600e-07
-2.860392448121452976e-08
7.159395872228261688e-06
1.255396039204785471e-06
7.165395872058570099e-06
7.055395875169582560e-06
7.089395874207996890e-06
6.173960572486577449e-07
-2.660392453777839269e-08
6.983395877205881625e-06
7.139395872793900317e-06
7.513960534588789288e-07
7.157395872284825551e-06
7.147395872567644865e-06
1.487396032643377372e-06
7.127395873133283494e-06
-1.060392499028929610e-08
8.693960501216110161e-07
7.253960541942091468e-07
1.313396037564433446e-06
7.165395872058570099e-06
7.893960523841655332e-07
7.653960530629318883e-07
7.033960548164116390e-07
8.133960517053991780e-07
8.853960496691001127e-07
8.613960503478664678e-07
-3.060392442465066683e-08
6.553960561739443493e-07
3.807395967029296377e-06
7.833960525538571219e-07
7.143395872680772591e-06
8.693960501216110161e-07
7.153395872397953276e-06
7.159395872228261688e-06
7.091395874151433027e-06
7.159395872228261688e-06
7.167395872002006236e-06
-6.603925103417021954e-09
7.143395872680772591e-06
7.155395872341389413e-06
8.653960502347387419e-07
7.119395873359538946e-06
8.613960503478664678e-07
8.693960501216110161e-07
8.693960501216110161e-07
7.121395873302975083e-06
7.733960528366764366e-07
7.593960532326234771e-07
7.067395874830199382e-06
2.861395993784003541e-06
7.023395876074604367e-06
7.151395872454517139e-06
1.396074670327526339e-09
1.067396044521788586e-06
7.693960529498041624e-07
6.873960552689225424e-07
1.017396045935885159e-06
8.213960514791437263e-07
7.157395872284825551e-06
9.813960469540346922e-07
1.075396044295533135e-06
7.165395872058570099e-06
8.513960506306857824e-07
7.853960524972932590e-07
-1.860392476403384439e-08
7.149395872511081002e-06
-1.860392476403384439e-08
7.141395872737336454e-06
1.049396045030863353e-06
-2.860392448121452976e-08
7.093960546467200502e-07
9.573960476328010473e-07
7.533960534023150658e-07
7.085395874321124616e-06
-6.039252731086107342e-10
7.157395872284825551e-06
7.125395873189847357e-06
7.167395872002006236e-06
7.105395873755485987e-06
7.233960542507730097e-07
7.149395872511081002e-06
7.333960539679536951e-07
-2.460392459434225561e-08
7.101395873868613713e-06
6.953960550426670907e-07
1.533396031342408524e-06
1.295396038073508213e-06
7.139395872793900317e-06
6.733960556648695829e-07
7.159395872228261688e-06
7.157395872284825551e-06
8.893960495559723868e-07
7.159395872228261688e-06
1.091396043843022231e-06
7.673960530063680254e-07
9.153960488206421688e-07
8.873960496125362497e-07
5.396074557199800485e-09
8.453960508003773712e-07
7.137395872850464180e-06
7.141395872737336454e-06
8.713960500650471532e-07
7.143395872680772591e-06
-2.603925216544747807e-09
8.893960495559723868e-07
7.613960531760596141e-07
9.033960491600253463e-07
7.653960530629318883e-07
-3.060392442465066683e-08
9.653960474065455956e-07
7.193960543639007356e-07
-6.603925103417021954e-09
8.493960506872496454e-07
7.673960530063680254e-07
8.813960497822278385e-07
8.293960512528882746e-07
9.153960488206421688e-07
8.273960513094521375e-07
9.333960483115674024e-07
6.153960573052216078e-07
-1.260392493372543317e-08
8.113960517619630410e-07
7.137395872850464180e-06
7.167395872002006236e-06
7.147395872567644865e-06
7.161395872171697825e-06
7.141395872737336454e-06
7.155395872341389413e-06
7.049395875339274149e-06
9.613960475196733215e-07
8.293960512528882746e-07
7.593960532326234771e-07
9.413960480853119507e-07
8.033960519882184927e-07
7.573960532891873400e-07
6.753960556083057200e-07
7.157395872284825551e-06
7.161395872171697825e-06
1.061396044691480175e-06
